"phecode"	"case_count"	"prev"	"w"
"008"	1061	0.04889175614027	1.31076436305666
"008.5"	543	0.02502188839224	1.60167991736915
"008.51"	4	0.000184323303073591	3.73441975563003
"008.52"	512	0.0235933827934197	1.62720978598217
"008.6"	370	0.0170499055343072	1.768278022891
"008.7"	9	0.00041472743191558	3.38223723751867
"010"	123	0.00566794156951293	2.2465746355186
"031"	56	0.00258052624303028	2.5882917199518
"031.1"	1	4.60808257683978e-05	4.336479746958
"038"	2138	0.0985208054928344	1.00647204608524
"038.1"	446	0.0205520482927054	1.68714488824585
"038.2"	320	0.0147458642458873	1.83132976863809
"038.3"	1122	0.0517026865121423	1.28648689003785
"041"	2987	0.137643426570204	0.861244524353868
"041.1"	1235	0.0569098198239712	1.24481278936231
"041.11"	625	0.0288005161052486	1.54059972961392
"041.12"	404	0.0186166536104327	1.73009838184739
"041.2"	718	0.0330860329017096	1.4803553027157
"041.21"	11	0.000506889083452375	3.29508706179977
"041.4"	817	0.037648034652781	1.42425769042558
"041.8"	108	0.00497672918298696	2.30305599147105
"041.9"	528	0.024330676005714	1.61384582442418
"053"	801	0.0369107414404866	1.43284723087376
"053.1"	162	0.00746509377448044	2.12696473241537
"054"	485	0.0223492004976729	1.65073800835573
"070"	628	0.0289387585825538	1.5385201032208
"070.1"	28	0.00129026312151514	2.88932171561578
"070.2"	140	0.00645131560757569	2.19035171127976
"070.3"	517	0.0238237869222616	1.62298920386405
"070.4"	342	0.015759642412792	1.80245364090186
"070.9"	402	0.0185244919588959	1.73225369387353
"071"	120	0.00552969909220773	2.25729850091037
"071.1"	109	0.00502281000875536	2.29905324901737
"078"	1126	0.0518870098152159	1.28494135644267
"079"	1387	0.0639141053407677	1.19440328588471
"079.1"	22	0.00101377816690475	2.99405706613579
"079.2"	51	0.00235012211418829	2.62890957086006
"079.9"	15	0.000691212386525967	3.16038848790231
"080"	1507	0.0694438044329754	1.15836649464336
"081"	1221	0.0562646882632137	1.24976408301311
"081.1"	19	0.000875535689599558	3.05772614600517
"081.11"	4	0.000184323303073591	3.73441975563003
"081.12"	10	0.000460808257683978	3.336479746958
"090"	112	0.00516105248606055	2.28726172428781
"090.2"	2	9.21616515367955e-05	4.03544975129402
"090.3"	6	0.000276484954610387	3.55832849657435
"110"	1869	0.0861250633611354	1.06487044557916
"110.1"	1754	0.0808257683977697	1.09245015792797
"110.11"	1271	0.0585687295516336	1.23233419640399
"110.12"	350	0.0161282890189392	1.79241170260772
"110.13"	355	0.0163586931477812	1.7862513939029
"110.2"	163	0.00751117460024884	2.12429214255404
"112"	1656	0.0763098474724667	1.11741941450913
"112.3"	295	0.0135938436016773	1.86665773097983
"117"	403	0.0185705727846643	1.73117470081689
"117.1"	121	0.00557577991797613	2.25369437664155
"117.2"	15	0.000691212386525967	3.16038848790231
"117.3"	14	0.000645131560757569	3.19035171127976
"117.4"	60	0.00276484954610387	2.55832849657435
"130"	31	0.00142850559882033	2.84511805312372
"130.1"	12	0.000552969909220773	3.25729850091037
"131"	38	0.00175107137919912	2.75669615034119
"132"	93	0.00428551679646099	2.36799679840406
"132.1"	16	0.000737293212294364	3.13235976430207
"133"	16	0.000737293212294364	3.13235976430207
"134"	53	0.00244228376572508	2.61220387735721
"134.1"	29	0.00133634394728354	2.87408174905904
"136"	454	0.0209206948988526	1.67942389410089
"145"	588	0.0270955255518179	1.56710242088186
"145.1"	18	0.00082945486383116	3.08120724185469
"145.2"	310	0.0142850559882033	1.84511805312372
"145.3"	105	0.00483848670568177	2.31529044788806
"145.4"	77	0.00354822358416663	2.44998902178551
"145.5"	98	0.00451592092530298	2.3452536712655
"149"	1056	0.048661352011428	1.3128158287602
"149.1"	328	0.0151145108520345	1.82060590324632
"149.2"	110	0.00506889083452375	2.29508706179977
"149.3"	72	0.00331781945532464	2.47914725052673
"149.4"	867	0.0399520759412009	1.39846064948179
"149.5"	432	0.0199069167319478	1.70099600014308
"149.9"	158	0.00728077047140685	2.13782266000357
"150"	294	0.0135477627759089	1.86813241654584
"151"	305	0.0140546518593613	1.85217990761121
"153"	1134	0.0522556564213631	1.28186669240111
"153.2"	975	0.0449288051241878	1.34747513125946
"153.3"	576	0.0265425556425971	1.57605726353478
"155"	312	0.0143772176397401	1.84232515293955
"155.1"	243	0.0111976406617207	1.95087347335968
"157"	251	0.0115662872678678	1.93680602547696
"158"	443	0.0204138058154002	1.69007602073493
"159"	616	0.028385788673333	1.54689903479357
"159.2"	142	0.00654347725911248	2.18419140257494
"159.3"	93	0.00428551679646099	2.36799679840406
"159.4"	123	0.00566794156951293	2.2465746355186
"164"	105	0.00483848670568177	2.31529044788806
"165"	1357	0.0625316805677158	1.20389989929826
"165.1"	1304	0.0600893968019907	1.22120215556209
"170"	821	0.0378323579558546	1.42213658983856
"170.1"	445	0.020505967466937	1.68811973597706
"170.2"	513	0.0236394636191881	1.62636238184618
"172"	3341	0.153956038892217	0.812603271319865
"172.1"	1132	0.0521634947698263	1.28263332010574
"172.11"	851	0.0392147827289065	1.40655018687341
"172.2"	2751	0.126768351688862	0.896989156568313
"172.21"	512	0.0235933827934197	1.62720978598217
"172.22"	405	0.0186627344362011	1.72902472374333
"172.3"	391	0.0180176028754435	1.74430298956213
"173"	3317	0.152850099073775	0.815734275438514
"174"	1725	0.0794894244504862	1.0996906475487
"174.1"	1632	0.0752039076540252	1.12375959254015
"174.11"	1612	0.0742822911386572	1.12911470948892
"174.2"	85	0.00391687019031381	2.4070608212437
"174.3"	182	0.00838671028984839	2.07640835897292
"175"	464	0.0213815031565366	1.66996176640312
"180"	622	0.0286622736279434	1.54268936226718
"180.1"	249	0.011474125616331	1.94028039986226
"180.3"	409	0.0188470577392747	1.72475643895065
"182"	342	0.015759642412792	1.80245364090186
"184"	578	0.0266347172941339	1.57455190853747
"184.1"	453	0.0208746140730842	1.68038154494516
"184.11"	322	0.0148380258974241	1.82862387526217
"184.2"	195	0.00898576102483756	2.04644513559548
"185"	1417	0.0652965301138196	1.18510989671054
"187"	186	0.00857103359292198	2.06696680274008
"187.1"	47	0.00216579881111469	2.66438188902228
"187.2"	103	0.00474632505414497	2.32364252225282
"187.8"	37	0.00170499055343072	2.768278022891
"189"	1214	0.0559421224828349	1.25226106021876
"189.1"	720	0.0331781945532464	1.47914725052673
"189.11"	626	0.028846596931017	1.53990541374757
"189.12"	161	0.00741901294871204	2.12965387092615
"189.2"	574	0.0264503939910603	1.57756785456002
"189.21"	555	0.0255748583014608	1.59218676383532
"189.4"	289	0.013317358647067	1.87558190420145
"190"	137	0.00631307313027049	2.19975917980159
"191"	874	0.0402746417215797	1.39496831432359
"191.1"	703	0.0323948205151836	1.48952442193817
"191.11"	608	0.0280171420671858	1.55257616768526
"193"	510	0.0235012211418829	1.62890957086006
"194"	112	0.00516105248606055	2.28726172428781
"195"	2175	0.100225796046265	0.99902048566734
"195.1"	1561	0.0719321690244689	1.14307684389558
"196"	923	0.0425326021842311	1.37127804593208
"197"	2421	0.111561679185291	0.952484957516263
"198"	3320	0.152988341551081	0.81534166325396
"198.1"	1910	0.0880143772176397	1.05544637971027
"198.2"	1221	0.0562646882632137	1.24976408301311
"198.3"	618	0.0284779503248698	1.54549127186918
"198.4"	822	0.037878438781623	1.42160792941795
"198.5"	593	0.0273259296806599	1.56342505359373
"198.6"	865	0.0398599142896641	1.39946363949318
"198.7"	337	0.01552923828395	1.80884984608666
"199"	2777	0.127966453158841	0.892903867207739
"199.4"	28	0.00129026312151514	2.88932171561578
"200"	228	0.0105064282751947	1.97854489995754
"200.1"	36	0.00165890972766232	2.78017724619071
"201"	34	0.00156674807612552	2.80500082991574
"202"	188	0.00866319524445878	2.06232189769432
"202.2"	105	0.00483848670568177	2.31529044788806
"202.21"	34	0.00156674807612552	2.80500082991574
"202.22"	26	0.00119810146997834	2.92150639898718
"202.23"	25	0.00115202064420994	2.93853973828596
"202.24"	28	0.00129026312151514	2.88932171561578
"204"	128	0.00589834569835491	2.22926977731013
"204.1"	37	0.00170499055343072	2.768278022891
"204.11"	20	0.000921616515367955	3.03544975129401
"204.12"	19	0.000875535689599558	3.05772614600517
"204.2"	48	0.00221187963688309	2.65523850958241
"204.21"	33	0.00152066725035713	2.81796580708011
"204.22"	5	0.000230404128841989	3.63750974262198
"204.3"	4	0.000184323303073591	3.73441975563003
"204.4"	52	0.00239620293995668	2.6204764033232
"208"	3142	0.144785954564306	0.839273566254042
"209"	63	0.00290309202340906	2.53713919750441
"210"	311	0.0143311368139717	1.84371935793116
"211"	553	0.025482696649924	1.5937546156533
"212"	288	0.0132712778212986	1.87708725919877
"213"	199	0.00917008432791116	2.03762667054829
"214"	554	0.0255287774756924	1.59296998222957
"214.1"	332	0.0152988341551081	1.81534166325396
"215"	232	0.0106907515782683	1.9709917620671
"216"	2971	0.13690613335791	0.863577095154332
"216.1"	3	0.000138242477305193	3.85935849223833
"217"	643	0.0296299709690798	1.52826877403377
"217.1"	560	0.0258052624303028	1.5882917199518
"218"	600	0.0276484954610387	1.55832849657435
"218.1"	528	0.024330676005714	1.61384582442418
"218.2"	115	0.00529929496336574	2.27578190660438
"220"	150	0.00691212386525967	2.16038848790231
"221"	154	0.00709644716833326	2.14895902612153
"222"	62	0.00285701119764066	2.54408805745974
"223"	110	0.00506889083452375	2.29508706179977
"224"	191	0.00880143772176397	2.05544637971027
"224.1"	128	0.00589834569835491	2.22926977731013
"225"	471	0.0217040689369154	1.6634588398291
"225.1"	425	0.0195843509515691	1.70809081690768
"225.2"	51	0.00235012211418829	2.62890957086006
"226"	190	0.00875535689599558	2.05772614600517
"227"	359	0.0165430164508548	1.78138529837968
"227.1"	126	0.00580618404681812	2.23610920184043
"227.2"	102	0.00470024422837657	2.32787957519608
"227.3"	137	0.00631307313027049	2.19975917980159
"228"	676	0.0311506382194369	1.50653305101636
"228.1"	527	0.0242845951799456	1.61466913174545
"229"	441	0.0203216441638634	1.69204115749016
"229.1"	364	0.0167734205796968	1.77537836330894
"230"	25	0.00115202064420994	2.93853973828596
"240"	520	0.0239620293995668	1.6204764033232
"241"	1111	0.0511957974286899	1.29076568801713
"241.1"	696	0.0320722547348049	1.49387050734743
"241.2"	759	0.0349753467582139	1.45623797106252
"242"	852	0.0392608635546749	1.4060401521913
"242.1"	379	0.0174646329662228	1.75784053698992
"242.2"	139	0.00640523478180729	2.1934649467039
"242.3"	87	0.00400903184185061	2.39696049433938
"242.31"	30	0.00138242477305193	2.85935849223833
"244"	4535	0.208976544859684	0.679902455561882
"244.1"	1152	0.0530851112851942	1.2750272678708
"244.2"	396	0.0182480070042855	1.73878456103248
"244.3"	33	0.00152066725035713	2.81796580708011
"244.4"	4131	0.190359891249251	0.72042455198141
"244.5"	15	0.000691212386525967	3.16038848790231
"245"	374	0.0172342288373808	1.76360814475752
"245.1"	69	0.00317957697801945	2.49763065622074
"245.2"	257	0.0118427722224782	1.9265466236267
"245.21"	248	0.0114280447905626	1.94202806613178
"246"	677	0.0311967190452053	1.50589107827285
"246.2"	51	0.00235012211418829	2.62890957086006
"246.7"	230	0.0105985899267315	1.9747519109404
"249"	170	0.00783374038062762	2.10603082557972
"250"	5673	0.261416524584121	0.582666963393294
"250.1"	1935	0.0891663978618497	1.04979877760307
"250.11"	99	0.00456200175107138	2.34084455236045
"250.12"	266	0.0122574996543938	1.91159811032693
"250.13"	214	0.00986129671443712	2.00606597360881
"250.14"	406	0.0187088152619695	1.7279537133808
"250.15"	102	0.00470024422837657	2.32787957519608
"250.2"	5414	0.249481590710106	0.602961495523509
"250.21"	139	0.00640523478180729	2.1934649467039
"250.22"	1049	0.0483387862310493	1.31570425876444
"250.23"	574	0.0264503939910603	1.57756785456002
"250.24"	1267	0.05838440624856	1.23370313207455
"250.25"	382	0.0176028754435279	1.75441638404629
"250.3"	1563	0.0720243306760057	1.14252076893881
"250.4"	2593	0.119487581217455	0.922677230188645
"250.41"	525	0.0241924335284088	1.61632044355204
"250.42"	2161	0.0995806644855076	1.00182498007475
"250.5"	37	0.00170499055343072	2.768278022891
"250.6"	946	0.0435924611769043	1.3605886105562
"250.7"	577	0.0265886364683655	1.57530393380226
"251"	232	0.0106907515782683	1.9709917620671
"251.1"	510	0.0235012211418829	1.62890957086006
"251.8"	12	0.000552969909220773	3.25729850091037
"252"	468	0.0215658264596102	1.66623389388387
"252.1"	384	0.0176950370950647	1.75214852259047
"252.2"	120	0.00552969909220773	2.25729850091037
"253"	457	0.0210589373761578	1.67656354688815
"253.1"	122	0.00562186074374453	2.25011991628325
"253.11"	39	0.00179715220496751	2.7454151399315
"253.2"	117	0.00539145661490254	2.26829388521183
"253.3"	63	0.00290309202340906	2.53713919750441
"253.4"	191	0.00880143772176397	2.05544637971027
"253.5"	65	0.00299525367494586	2.52356639031514
"253.7"	118	0.00543753744067094	2.26459773965187
"254"	27	0.00124418229574674	2.90511598279901
"255"	852	0.0392608635546749	1.4060401521913
"255.1"	210	0.00967697341136353	2.01426045222408
"255.11"	106	0.00488456753145016	2.31117388169323
"255.12"	67	0.00308741532648265	2.51040494425717
"255.13"	29	0.00133634394728354	2.87408174905904
"255.2"	473	0.0217962305884521	1.66161860622018
"255.21"	343	0.0158057232385604	1.80118562691523
"255.22"	35	0.00161282890189392	2.79241170260772
"255.3"	35	0.00161282890189392	2.79241170260772
"256"	320	0.0147458642458873	1.83132976863809
"256.1"	17	0.000783374038062762	3.10603082557972
"256.4"	156	0.00718860881987005	2.14335514860353
"257"	501	0.0230864937099673	1.63664202109075
"257.1"	484	0.0223031196719045	1.65163438531358
"258"	47	0.00216579881111469	2.66438188902228
"258.1"	92	0.00423943597069259	2.37269191961244
"259"	440	0.020275563338095	1.69302707047181
"259.1"	175	0.00806414450946961	2.0934416982717
"259.2"	69	0.00317957697801945	2.49763065622074
"259.3"	28	0.00129026312151514	2.88932171561578
"259.4"	12	0.000552969909220773	3.25729850091037
"260"	2637	0.121515137551265	0.915369617164562
"260.1"	278	0.0128104695636146	1.89243495103992
"260.2"	844	0.0388922169485277	1.41013730033234
"260.21"	77	0.00354822358416663	2.44998902178551
"260.22"	182	0.00838671028984839	2.07640835897292
"260.3"	766	0.0352979125385927	1.45225097732539
"260.6"	813	0.0374637113497074	1.42638920136393
"260.7"	12	0.000552969909220773	3.25729850091037
"261"	3317	0.152850099073775	0.815734275438514
"261.1"	22	0.00101377816690475	2.99405706613579
"261.2"	864	0.0398138334638957	1.3999660044791
"261.3"	5	0.000230404128841989	3.63750974262198
"261.4"	2737	0.126123220128105	0.899204949547873
"261.41"	82	0.00377862771300862	2.42266589457428
"262"	21	0.000967697341136353	3.01426045222408
"263"	142	0.00654347725911248	2.18419140257494
"264"	239	0.0110133173586471	1.95808184600986
"264.1"	31	0.00142850559882033	2.84511805312372
"264.2"	106	0.00488456753145016	2.31117388169323
"264.3"	25	0.00115202064420994	2.93853973828596
"264.9"	71	0.00327173862955624	2.48522139823892
"269"	853	0.0393069443804433	1.40553071579047
"270"	713	0.0328556287728676	1.48339021710613
"270.1"	79	0.00364038523570342	2.43885265566755
"270.11"	20	0.000921616515367955	3.03544975129401
"270.12"	9	0.00041472743191558	3.38223723751867
"270.2"	87	0.00400903184185061	2.39696049433938
"270.21"	62	0.00285701119764066	2.54408805745974
"270.3"	564	0.0259895857333763	1.58520064297465
"270.31"	10	0.000460808257683978	3.336479746958
"270.32"	215	0.00990737754020552	2.00404128704239
"270.33"	40	0.00184323303073591	2.73441975563003
"270.34"	25	0.00115202064420994	2.93853973828596
"270.35"	17	0.000783374038062762	3.10603082557972
"270.38"	197	0.00907792267637436	2.0420135207964
"271"	85	0.00391687019031381	2.4070608212437
"271.3"	47	0.00216579881111469	2.66438188902228
"271.9"	39	0.00179715220496751	2.7454151399315
"272"	10149	0.467674300723469	0.330056494450353
"272.1"	10117	0.46619971429888	0.331427996964
"272.11"	5193	0.23929772821529	0.62106142436294
"272.12"	531	0.0244689184830192	1.61138522587653
"272.13"	5337	0.245933367125939	0.609182544154409
"272.14"	63	0.00290309202340906	2.53713919750441
"272.9"	176	0.00811022533523801	2.09096707914385
"274"	1626	0.0749274226994148	1.12535920569995
"274.1"	1488	0.0685682687433759	1.16387681574814
"274.11"	540	0.0248836459149348	1.60408598713503
"274.2"	181	0.00834062946408	2.07880117208881
"274.21"	167	0.00769549790332243	2.11376327581041
"275"	2656	0.122390673240864	0.912251676262016
"275.1"	179	0.0082484678125432	2.0836267159781
"275.11"	35	0.00161282890189392	2.79241170260772
"275.2"	13	0.000599050734989171	3.22253639465116
"275.3"	959	0.0441915119118935	1.35466113978733
"275.5"	1543	0.0711027141606378	1.14811382089485
"275.51"	756	0.0348371042809087	1.45795795145679
"275.53"	696	0.0320722547348049	1.49387050734743
"275.6"	631	0.029077001059859	1.53645038771386
"276"	8177	0.376802912308189	0.42388574920589
"276.1"	6321	0.291276899682042	0.535693956630234
"276.11"	444	0.0204598866411686	1.68909677684338
"276.12"	2135	0.0983825630155292	1.00708186759695
"276.13"	2017	0.0929450255748583	1.03177384874523
"276.14"	4018	0.185152757937422	0.732469814545766
"276.4"	1761	0.0811483341781485	1.09072039099072
"276.41"	1525	0.0702732592968066	1.15320990327519
"276.42"	368	0.0169577438827704	1.77063192828448
"276.5"	4352	0.200543753744067	0.697790860267873
"276.6"	1592	0.0733606746232893	1.13453668355635
"276.8"	59	0.00271876872033547	2.56562773531585
"277"	240	0.0110593981844155	1.95626850524639
"277.1"	21	0.000967697341136353	3.01426045222408
"277.2"	42	0.00193539468227271	2.7132304565601
"277.4"	91	0.0041933551449242	2.3774383546369
"277.5"	209	0.00963089258559513	2.01633346084694
"277.51"	122	0.00562186074374453	2.25011991628325
"277.6"	14	0.000645131560757569	3.19035171127976
"277.7"	308	0.0141928943366665	1.84792903045755
"277.8"	4	0.000184323303073591	3.73441975563003
"278"	4344	0.20017510713792	0.698589930377206
"278.1"	3478	0.160269112022487	0.795150169291302
"278.11"	1459	0.0672319247960923	1.17242445506454
"278.3"	154	0.00709644716833326	2.14895902612153
"278.4"	948	0.0436846228284411	1.35967140961993
"279"	1407	0.0648357218561357	1.18818564952325
"279.1"	1197	0.0551587484447721	1.25838559655159
"279.11"	93	0.00428551679646099	2.36799679840406
"279.2"	95	0.00437767844799779	2.35875614166915
"279.7"	619	0.0285240311506382	1.54478909793788
"279.8"	65	0.00299525367494586	2.52356639031514
"280"	2419	0.111469517533754	0.952843878596117
"280.1"	1860	0.0857103359292199	1.06696680274008
"280.2"	1001	0.0461269065941662	1.33604566947868
"281"	843	0.0388461361227593	1.41065217233325
"281.1"	584	0.0269112022487443	1.5700668998456
"281.11"	309	0.0142389751624349	1.84652126753316
"281.12"	394	0.0181558453527487	1.74098352513242
"281.13"	18	0.00082945486383116	3.08120724185469
"281.9"	284	0.013086954518225	1.88316140691096
"282"	236	0.0108750748813419	1.96356774398789
"282.5"	20	0.000921616515367955	3.03544975129401
"282.8"	22	0.00101377816690475	2.99405706613579
"282.9"	197	0.00907792267637436	2.0420135207964
"283"	196	0.00903184185060596	2.04422367560152
"283.1"	74	0.00340998110686143	2.46724802722702
"283.2"	81	0.00373254688724022	2.42799472807935
"283.21"	22	0.00101377816690475	2.99405706613579
"284"	585	0.0269572830745127	1.56932388087582
"284.1"	383	0.0176489562692963	1.75328097298937
"284.2"	21	0.000967697341136353	3.01426045222408
"285"	7760	0.357587207962767	0.446618025699808
"285.1"	2925	0.134786415372563	0.870353876539797
"285.2"	2013	0.0927607022717847	1.03263597206934
"285.21"	738	0.0340076494170776	1.46842338513495
"285.22"	823	0.0379245196073914	1.42107991174573
"285.3"	45	0.0020736371595779	2.68326723318265
"285.8"	39	0.00179715220496751	2.7454151399315
"286"	2320	0.106907515782683	0.970991762067096
"286.1"	134	0.0061748306529653	2.20937494859319
"286.11"	25	0.00115202064420994	2.93853973828596
"286.12"	64	0.00294917284917746	2.53029977297411
"286.13"	43	0.0019814755080411	2.70301129137841
"286.2"	3267	0.150546057785356	0.822330612482559
"286.3"	35	0.00161282890189392	2.79241170260772
"286.4"	250	0.0115202064420994	1.93853973828596
"286.5"	467	0.0215197456338418	1.66716286639188
"286.6"	100	0.00460808257683978	2.336479746958
"286.7"	1360	0.062669923045021	1.20294083858778
"286.8"	284	0.013086954518225	1.88316140691096
"286.81"	228	0.0105064282751947	1.97854489995754
"286.9"	660	0.0304133450071425	1.51693581141613
"287"	2143	0.0987512096216764	1.00545757591617
"287.1"	221	0.0101838624948159	1.99208747327289
"287.2"	34	0.00156674807612552	2.80500082991574
"287.3"	1910	0.0880143772176397	1.05544637971027
"287.31"	237	0.0109211557071103	1.96173140094789
"287.32"	439	0.0202294825123266	1.69401522671587
"287.4"	72	0.00331781945532464	2.47914725052673
"288"	3107	0.143173125662412	0.844138493703022
"288.1"	1217	0.0560803649601401	1.25118916872793
"288.11"	945	0.0435463803511359	1.36104793844873
"288.2"	2095	0.0965393299847933	1.01529571965568
"288.3"	159	0.00732685129717525	2.13508262263754
"289"	596	0.0274641721579651	1.56123348721776
"289.1"	3	0.000138242477305193	3.85935849223833
"289.3"	51	0.00235012211418829	2.62890957086006
"289.4"	2195	0.101147412561633	0.995045222379856
"289.5"	271	0.0124879037832358	1.90351045608359
"289.8"	130	0.00599050734989171	2.22253639465116
"289.9"	207	0.00953873093405834	2.02050940150108
"290"	1674	0.0771393023362979	1.11272429330075
"290.1"	935	0.0430855720934519	1.36566813608548
"290.11"	378	0.0174185521404544	1.75898794712077
"290.12"	97	0.00446984009953458	2.34970801269175
"290.13"	400	0.0184323303073591	1.73441975563003
"290.16"	186	0.00857103359292198	2.06696680274008
"290.2"	899	0.0414266623657896	1.38272005522477
"290.3"	829	0.0382010045620018	1.41792521640772
"291"	2149	0.0990276945762868	1.00424333146655
"291.1"	104	0.00479240587991337	2.31944640765922
"291.4"	105	0.00483848670568177	2.31529044788806
"291.8"	2028	0.0934519146583107	1.0294117962967
"292"	3648	0.168102852403115	0.774424917301618
"292.1"	926	0.0426708446615363	1.36986876027606
"292.11"	383	0.0176489562692963	1.75328097298937
"292.12"	29	0.00133634394728354	2.87408174905904
"292.2"	120	0.00552969909220773	2.25729850091037
"292.3"	1103	0.0508271508225427	1.29390423451781
"292.4"	2134	0.0983364821897608	1.00728533186955
"292.5"	250	0.0115202064420994	1.93853973828596
"292.6"	226	0.0104142666236579	1.9823713078106
"293"	167	0.00769549790332243	2.11376327581041
"293.1"	1585	0.0730381088429105	1.13645048040423
"295"	865	0.0398599142896641	1.39946363949318
"295.1"	116	0.00534537578913414	2.27202175773108
"295.2"	83	0.00382470853877701	2.41740165458192
"295.3"	722	0.0332703562047832	1.47794254938836
"296"	5315	0.244919588959034	0.61097647809868
"296.1"	536	0.0246993226118612	1.60731495726523
"296.2"	4971	0.229067784894705	0.640035983818997
"296.22"	1115	0.0513801207317635	1.28920487957382
"297"	253	0.0116584489194046	1.93335922578218
"297.1"	181	0.00834062946408	2.07880117208881
"297.2"	101	0.00465416340260817	2.33215837317535
"300"	4365	0.201142804479056	0.696495498916408
"300.1"	3661	0.168701903138104	0.772880018076465
"300.11"	524	0.0241463527026404	1.61714845997427
"300.12"	363	0.0167273397539284	1.77657312192188
"300.13"	43	0.0019814755080411	2.70301129137841
"300.2"	1	4.60808257683978e-05	4.336479746958
"300.3"	86	0.00396295101608221	2.40198129571443
"300.4"	1057	0.0487074328371964	1.31240475965057
"300.8"	134	0.0061748306529653	2.20937494859319
"300.9"	257	0.0118427722224782	1.9265466236267
"301"	157	0.00723468964563845	2.14058009454876
"301.1"	8	0.000368646606147182	3.43338975996605
"301.2"	84	0.00387078936454541	2.41220046089611
"302"	209	0.00963089258559513	2.01633346084694
"302.1"	161	0.00741901294871204	2.12965387092615
"303"	289	0.013317358647067	1.87558190420145
"303.1"	6	0.000276484954610387	3.55832849657435
"303.3"	159	0.00732685129717525	2.13508262263754
"303.31"	85	0.00391687019031381	2.4070608212437
"303.4"	138	0.00635915395603889	2.19660066055676
"304"	1522	0.0701350168195014	1.15406509452344
"305"	24	0.00110593981844155	2.95626850524639
"305.2"	90	0.0041472743191558	2.38223723751867
"305.21"	24	0.00110593981844155	2.95626850524639
"306"	275	0.0126722270863094	1.89714705312773
"306.1"	74	0.00340998110686143	2.46724802722702
"306.9"	131	0.00603658817566011	2.21920845130223
"312"	195	0.00898576102483756	2.04644513559548
"312.3"	43	0.0019814755080411	2.70301129137841
"313"	251	0.0115662872678678	1.93680602547696
"313.1"	186	0.00857103359292198	2.06696680274008
"313.2"	27	0.00124418229574674	2.90511598279901
"313.3"	37	0.00170499055343072	2.768278022891
"315"	447	0.0205981291184738	1.68617222382606
"315.1"	29	0.00133634394728354	2.87408174905904
"315.2"	26	0.00119810146997834	2.92150639898718
"315.3"	113	0.00520713331182895	2.28340130347458
"316"	891	0.0410580157596424	1.38660204292112
"316.1"	116	0.00534537578913414	2.27202175773108
"317"	793	0.0365420948343394	1.43720655964039
"317.1"	628	0.0289387585825538	1.5385201032208
"317.11"	231	0.0106446707524999	1.97286776706585
"318"	2929	0.134970738675637	0.869760375276397
"320"	231	0.0106446707524999	1.97286776706585
"323"	109	0.00502281000875536	2.29905324901737
"323.2"	13	0.000599050734989171	3.22253639465116
"323.8"	76	0.00350214275839823	2.4556661546772
"324"	165	0.00760333625178563	2.11899580274409
"324.1"	1	4.60808257683978e-05	4.336479746958
"325"	22	0.00101377816690475	2.99405706613579
"327"	3587	0.165291922031243	0.781748370282029
"327.1"	292	0.0134556011243721	1.87109689550958
"327.3"	2183	0.100594442652412	0.997426011248857
"327.31"	47	0.00216579881111469	2.66438188902228
"327.32"	1522	0.0701350168195014	1.15406509452344
"327.4"	2396	0.110409658541081	0.956992933240722
"327.41"	241	0.0111054790101839	1.95446270438313
"327.5"	91	0.0041933551449242	2.3774383546369
"327.6"	34	0.00156674807612552	2.80500082991574
"327.7"	588	0.0270955255518179	1.56710242088186
"327.71"	464	0.0213815031565366	1.66996176640312
"327.72"	65	0.00299525367494586	2.52356639031514
"331"	1025	0.0472328464126077	1.32575588156622
"331.1"	325	0.0149762683747293	1.82459638597912
"331.9"	714	0.032901709598636	1.48278153518182
"332"	352	0.016220450670476	1.78993708347987
"333"	1018	0.0469102806322289	1.32873196895726
"333.1"	505	0.0232708170130409	1.63318836883933
"333.2"	164	0.00755725542601723	2.1216358989103
"333.3"	23	0.00105985899267315	2.9747519109404
"333.4"	224	0.0103221049721211	1.98623172862383
"333.8"	73	0.00336390028109304	2.47315688683754
"334"	609	0.0280632228929542	1.55186245432512
"334.1"	102	0.00470024422837657	2.32787957519608
"334.2"	176	0.00811022533523801	2.09096707914385
"334.21"	120	0.00552969909220773	2.25729850091037
"335"	391	0.0180176028754435	1.74430298956213
"337"	377	0.017372471314686	1.7601383967522
"337.1"	202	0.00930832680521635	2.03112837751137
"338"	3244	0.149486198792682	0.825398901418878
"338.1"	2541	0.117091378277499	0.931475081907627
"338.2"	1143	0.0526703838532787	1.27843351656271
"339"	110	0.00506889083452375	2.29508706179977
"340"	1408	0.0648818026819041	1.1878770921519
"340.1"	327	0.0150684300262661	1.82193199429771
"341"	319	0.0146997834201189	1.83268906390081
"342"	539	0.0248375650891664	1.60489098177126
"343"	93	0.00428551679646099	2.36799679840406
"344"	377	0.017372471314686	1.7601383967522
"345"	1780	0.082023869867748	1.0860597446491
"345.1"	675	0.0311045573936685	1.50717597412697
"345.11"	309	0.0142389751624349	1.84652126753316
"345.12"	433	0.0199529975577162	1.69999185060463
"345.3"	1622	0.0747430993963412	1.12642889708286
"346"	134	0.0061748306529653	2.20937494859319
"346.1"	322	0.0148380258974241	1.82862387526217
"346.2"	113	0.00520713331182895	2.28340130347458
"346.3"	76	0.00350214275839823	2.4556661546772
"347"	37	0.00170499055343072	2.768278022891
"348"	1286	0.0592599419381595	1.22723877836979
"348.2"	624	0.0287544352794802	1.54129515727557
"348.4"	66	0.00304133450071425	2.51693581141613
"348.7"	195	0.00898576102483756	2.04644513559548
"348.8"	689	0.0317496889544261	1.49826052505037
"348.9"	1514	0.0697663702133542	1.15635387179394
"349"	366	0.0168655822312336	1.77299866156359
"350"	2659	0.12252891571817	0.911761409626429
"350.1"	966	0.0445140776922722	1.3515026205425
"350.2"	1582	0.0728998663656053	1.13727326779634
"350.3"	735	0.0338694069397724	1.4701924078738
"350.5"	39	0.00179715220496751	2.7454151399315
"350.6"	113	0.00520713331182895	2.28340130347458
"351"	2363	0.108888991290724	0.963016025325627
"352"	677	0.0311967190452053	1.50589107827285
"352.1"	363	0.0167273397539284	1.77657312192188
"352.2"	307	0.0141468135108981	1.84934137148081
"353"	406	0.0187088152619695	1.7279537133808
"353.1"	77	0.00354822358416663	2.44998902178551
"353.2"	288	0.0132712778212986	1.87708725919877
"355"	225	0.0103681857978895	1.98429722884663
"355.1"	336	0.0154831574581817	1.81014046956815
"356"	1936	0.0892124786876181	1.04957439398562
"357"	278	0.0128104695636146	1.89243495103992
"358"	209	0.00963089258559513	2.01633346084694
"358.1"	179	0.0082484678125432	2.0836267159781
"359"	713	0.0328556287728676	1.48339021710613
"359.1"	58	0.00267268789456707	2.57305175339506
"359.2"	671	0.0309202340905949	1.509757226789
"360"	157	0.00723468964563845	2.14058009454876
"360.2"	90	0.0041472743191558	2.38223723751867
"360.3"	35	0.00161282890189392	2.79241170260772
"361"	304	0.0140085710335929	1.85360616334924
"361.1"	180	0.0082945486383116	2.08120724185469
"361.2"	16	0.000737293212294364	3.13235976430207
"362"	1851	0.0852956084973043	1.06907332820509
"362.1"	13	0.000599050734989171	3.22253639465116
"362.2"	1200	0.0552969909220773	1.25729850091037
"362.21"	408	0.0188009769135063	1.72581958386812
"362.22"	191	0.00880143772176397	2.05544637971027
"362.23"	317	0.0146076217685821	1.83542048474024
"362.26"	305	0.0140546518593613	1.85217990761121
"362.27"	284	0.013086954518225	1.88316140691096
"362.29"	470	0.021657988111147	1.66438188902228
"362.3"	400	0.0184323303073591	1.73441975563003
"362.31"	43	0.0019814755080411	2.70301129137841
"362.4"	350	0.0161282890189392	1.79241170260772
"362.5"	71	0.00327173862955624	2.48522139823892
"362.6"	146	0.00672780056218607	2.17212689117356
"362.7"	109	0.00502281000875536	2.29905324901737
"362.8"	108	0.00497672918298696	2.30305599147105
"362.9"	219	0.0100917008432791	1.99603563211788
"363"	199	0.00917008432791116	2.03762667054829
"363.3"	138	0.00635915395603889	2.19660066055676
"363.4"	13	0.000599050734989171	3.22253639465116
"364"	380	0.0175107137919912	1.75669615034119
"364.1"	187	0.00861711441869038	2.0646381404215
"364.2"	108	0.00497672918298696	2.30305599147105
"364.4"	100	0.00460808257683978	2.336479746958
"364.41"	20	0.000921616515367955	3.03544975129401
"364.5"	173	0.00797198285793281	2.0984336438292
"364.51"	113	0.00520713331182895	2.28340130347458
"364.9"	56	0.00258052624303028	2.5882917199518
"365"	1300	0.0599050734989171	1.22253639465116
"365.1"	945	0.0435463803511359	1.36104793844873
"365.11"	467	0.0215197456338418	1.66716286639188
"365.2"	185	0.00852495276715359	2.06930801855498
"365.5"	35	0.00161282890189392	2.79241170260772
"366"	3412	0.157227777521773	0.803470724462511
"366.1"	86	0.00396295101608221	2.40198129571443
"366.2"	2781	0.128150776461914	0.892278758093837
"366.3"	41	0.00188931385650431	2.72369589023826
"367"	2082	0.0959402792498042	1.01799902178348
"367.1"	1352	0.0623012764388738	1.20550305535238
"367.2"	477	0.0219805538915257	1.65796136791788
"367.8"	275	0.0126722270863094	1.89714705312773
"367.9"	564	0.0259895857333763	1.58520064297465
"368"	1929	0.0888899129072393	1.05114751931411
"368.1"	99	0.00456200175107138	2.34084455236045
"368.2"	491	0.0226256854522833	1.64539825483503
"368.3"	66	0.00304133450071425	2.51693581141613
"368.4"	364	0.0167734205796968	1.77537836330894
"368.5"	10	0.000460808257683978	3.336479746958
"368.9"	629	0.0289848394083222	1.53782910151273
"368.91"	94	0.00433159762222939	2.3633518933583
"369"	947	0.0436385420026727	1.36012976795472
"369.2"	161	0.00741901294871204	2.12965387092615
"369.5"	751	0.0346067001520667	1.46083980995383
"370"	861	0.0396755909865905	1.40147659550434
"370.1"	118	0.00543753744067094	2.26459773965187
"370.2"	186	0.00857103359292198	2.06696680274008
"370.3"	618	0.0284779503248698	1.54549127186918
"370.31"	556	0.0256209391272292	1.59140495537594
"371"	1899	0.0875074881341874	1.05795478222098
"371.1"	254	0.011704529745173	1.93164603033806
"371.2"	868	0.0399981567669693	1.3979600217815
"371.21"	778	0.0358508824478135	1.44550014996831
"371.3"	1030	0.0474632505414497	1.32364252225282
"371.33"	10	0.000460808257683978	3.336479746958
"371.9"	16	0.000737293212294364	3.13235976430207
"372"	403	0.0185705727846643	1.73117470081689
"374"	1255	0.0578314363393392	1.23783602114094
"374.1"	209	0.00963089258559513	2.01633346084694
"374.2"	59	0.00271876872033547	2.56562773531585
"374.3"	405	0.0186627344362011	1.72902472374333
"374.6"	751	0.0346067001520667	1.46083980995383
"375"	166	0.00764941707755403	2.11637165891794
"375.1"	1439	0.0663103082807244	1.17841895302139
"375.2"	118	0.00543753744067094	2.26459773965187
"376"	39	0.00179715220496751	2.7454151399315
"377"	440	0.020275563338095	1.69302707047181
"377.1"	175	0.00806414450946961	2.0934416982717
"377.3"	222	0.0102299433205843	1.99012677250736
"378"	389	0.0179254412239067	1.74653014563229
"378.1"	210	0.00967697341136353	2.01426045222408
"378.2"	80	0.00368646606147182	2.43338975996605
"378.5"	99	0.00456200175107138	2.34084455236045
"379"	1728	0.0796276669277913	1.09893600881512
"379.1"	114	0.00525321413759735	2.27957489562152
"379.2"	1451	0.0668632781899452	1.17481233452026
"379.3"	126	0.00580618404681812	2.23610920184043
"379.4"	79	0.00364038523570342	2.43885265566755
"379.5"	145	0.00668171973641768	2.17511174472302
"379.51"	17	0.000783374038062762	3.10603082557972
"379.9"	426	0.0196304317773375	1.70707014785528
"380"	116	0.00534537578913414	2.27202175773108
"380.1"	578	0.0266347172941339	1.57455190853747
"380.4"	1504	0.0693055619556702	1.15923191070237
"381"	2015	0.0928528639233215	1.03220469648087
"381.1"	1160	0.0534537578913414	1.27202175773108
"381.11"	946	0.0435924611769043	1.3605886105562
"381.2"	1106	0.0509653932998479	1.29272461998932
"381.3"	81	0.00373254688724022	2.42799472807935
"381.9"	147	0.00677388138795447	2.16916241220982
"382"	1022	0.0470946039353025	1.3270288511593
"383"	41	0.00188931385650431	2.72369589023826
"384"	174	0.00801806368370121	2.0959304986754
"384.1"	15	0.000691212386525967	3.16038848790231
"384.4"	158	0.00728077047140685	2.13782266000357
"385"	182	0.00838671028984839	2.07640835897292
"385.3"	93	0.00428551679646099	2.36799679840406
"385.5"	77	0.00354822358416663	2.44998902178551
"386"	1125	0.0518409289894475	1.28532722451061
"386.1"	171	0.00787982120639602	2.10348363656584
"386.2"	789	0.0363577715312658	1.43940274374858
"386.21"	142	0.00654347725911248	2.18419140257494
"386.3"	145	0.00668171973641768	2.17511174472302
"386.9"	3824	0.176213077738353	0.753961863353934
"388"	65	0.00299525367494586	2.52356639031514
"389"	3229	0.148794986406156	0.827411701940834
"389.1"	2412	0.111146951753375	0.954102443489882
"389.2"	550	0.0253444541726188	1.59611705746375
"389.3"	102	0.00470024422837657	2.32787957519608
"389.4"	834	0.0384314086908437	1.41531369632026
"389.5"	64	0.00294917284917746	2.53029977297411
"394"	1315	0.0605962858854431	1.21755399413222
"394.1"	481	0.0221648771945993	1.65433467058416
"394.2"	253	0.0116584489194046	1.93335922578218
"394.3"	64	0.00294917284917746	2.53029977297411
"394.4"	75	0.00345606193262983	2.4614184835663
"394.7"	821	0.0378323579558546	1.42213658983856
"395"	3371	0.155338463665269	0.808720994437024
"395.1"	2264	0.104326989539653	0.981603324441762
"395.2"	1611	0.0742362103128888	1.12938420653878
"395.3"	482	0.0222109580203677	1.65343270871915
"395.4"	191	0.00880143772176397	2.05544637971027
"395.6"	719	0.033132113727478	1.47975085657511
"396"	1338	0.0616561448781162	1.21002363352619
"401"	13162	0.606515828763651	0.217157860494019
"401.1"	13018	0.599880189853002	0.221935479752132
"401.2"	3551	0.16363301230358	0.786129074656381
"401.21"	1635	0.0753421501313304	1.12296198996169
"401.22"	2300	0.105985899267315	0.974751910940403
"401.3"	1817	0.0837288604211787	1.07712481964996
"411"	6355	0.292843647758168	0.533364192067969
"411.1"	1692	0.077968757200129	1.10807938825499
"411.2"	2322	0.10699967743422	0.970617531555441
"411.3"	1612	0.0742822911386572	1.12911470948892
"411.4"	5688	0.262107736970646	0.581520159236286
"411.41"	135	0.0062209114787337	2.20614597846299
"411.8"	2000	0.0921616515367955	1.03544975129401
"411.9"	130	0.00599050734989171	2.22253639465116
"414"	2431	0.112022487442975	0.95069478811466
"414.2"	760	0.0350214275839823	1.4556661546772
"415"	2111	0.0972766231970877	1.01199151365034
"415.1"	676	0.0311506382194369	1.50653305101636
"415.11"	620	0.0285701119764066	1.54408805745974
"415.2"	1501	0.069167319478365	1.16009905471473
"415.21"	458	0.0211050182019262	1.67561426895413
"416"	3041	0.140131791161698	0.853463326813864
"418"	9822	0.452605870697203	0.344279817162411
"418.1"	637	0.0293534860144694	1.53234031462265
"420"	1050	0.0483848670568177	1.31529044788806
"420.1"	71	0.00327173862955624	2.48522139823892
"420.2"	665	0.0306437491359845	1.51365810165489
"420.21"	166	0.00764941707755403	2.11637165891794
"420.22"	187	0.00861711441869038	2.0646381404215
"420.3"	380	0.0175107137919912	1.75669615034119
"425"	1497	0.0689829961752915	1.16125794661494
"425.1"	1302	0.0599972351504539	1.22186876272582
"425.11"	135	0.0062209114787337	2.20614597846299
"425.12"	24	0.00110593981844155	2.95626850524639
"425.2"	702	0.0323487396894152	1.49014263482819
"425.8"	54	0.00248836459149348	2.60408598713503
"426"	4045	0.186396940233169	0.729561221009705
"426.2"	998	0.045988664116861	1.33734920567062
"426.21"	367	0.016911663057002	1.77181368270591
"426.22"	64	0.00294917284917746	2.53029977297411
"426.23"	197	0.00907792267637436	2.0420135207964
"426.24"	532	0.0245149993087876	1.61056811466295
"426.25"	103	0.00474632505414497	2.32364252225282
"426.3"	955	0.0440071886088199	1.35647637537425
"426.31"	427	0.0196765126031058	1.70605187193297
"426.32"	514	0.0236855444449565	1.62551662796272
"426.4"	103	0.00474632505414497	2.32364252225282
"426.7"	2095	0.0965393299847933	1.01529571965568
"426.8"	146	0.00672780056218607	2.17212689117356
"426.9"	1543	0.0711027141606378	1.14811382089485
"426.91"	1243	0.0572784664301184	1.24200861831635
"426.92"	685	0.0315653656513525	1.50078917546557
"427"	8928	0.411409612460255	0.385725565364493
"427.1"	1844	0.0849730427169255	1.07071883024039
"427.11"	860	0.0396295101608221	1.40198129571443
"427.12"	1209	0.0557117183539929	1.25405344609722
"427.2"	3735	0.172111884244966	0.764189140806579
"427.21"	3649	0.168148933228883	0.774305883593348
"427.22"	1044	0.0481083821022073	1.31777924829175
"427.3"	2543	0.117183539929036	0.931133386782287
"427.4"	464	0.0213815031565366	1.66996176640312
"427.41"	243	0.0111976406617207	1.95087347335968
"427.42"	301	0.0138703285562877	1.85791325136415
"427.5"	2583	0.119026772959771	0.924355340784679
"427.6"	980	0.0451592092530298	1.3452536712655
"427.61"	217	0.00999953919174232	2.00002001310947
"427.7"	3889	0.179208331413299	0.746641803810536
"427.8"	1187	0.0546979401870882	1.2620290280034
"427.9"	3496	0.161098566886319	0.792908322995631
"428"	3702	0.170591216994609	0.768043332541111
"428.1"	3395	0.15644440348371	0.805639968341476
"428.2"	1271	0.0585687295516336	1.23233419640399
"428.3"	1302	0.0599972351504539	1.22186876272582
"428.4"	1142	0.0526243030275103	1.27881364304817
"429"	2812	0.129579282060735	0.88746443061021
"429.1"	608	0.0280171420671858	1.55257616768526
"429.2"	1229	0.0566333348693609	1.24692786407154
"429.3"	1516	0.069858531864891	1.15578054566196
"429.9"	425	0.0195843509515691	1.70809081690768
"430"	642	0.0295838901433114	1.52894471888914
"430.1"	193	0.00889359937330077	2.05092243795022
"430.2"	381	0.0175567946177595	1.75555477128238
"430.3"	198	0.00912400350214276	2.03981455669647
"433"	4479	0.206396018616654	0.685298684513308
"433.1"	2402	0.110686143495691	0.955906743891109
"433.11"	248	0.0114280447905626	1.94202806613178
"433.12"	586	0.0270033639002811	1.56858213093991
"433.2"	1169	0.053868485323257	1.26866523579616
"433.21"	1023	0.0471406847610709	1.32660411324584
"433.3"	2257	0.104004423759274	0.982948187880234
"433.31"	2036	0.0938205612644579	1.02770197329328
"433.32"	11	0.000506889083452375	3.29508706179977
"433.5"	233	0.0107368324040367	1.96912382593198
"433.6"	925	0.0426247638357679	1.37033801421896
"433.8"	980	0.0451592092530298	1.3452536712655
"440"	2615	0.12050135938436	0.919008053754703
"440.1"	434	0.0199990783834846	1.69899001744549
"440.2"	1024	0.0471867655868393	1.32617979031818
"440.21"	206	0.00949265010828994	2.02261252658884
"440.22"	631	0.029077001059859	1.53645038771386
"440.9"	1092	0.0503202617390904	1.29825710858928
"441"	290	0.0133634394728354	1.87408174905904
"441.1"	132	0.00608266900142851	2.21590581575215
"441.2"	84	0.00387078936454541	2.41220046089611
"442"	1235	0.0569098198239712	1.24481278936231
"442.1"	901	0.0415188240173264	1.38175495597893
"442.11"	616	0.028385788673333	1.54689903479357
"442.2"	64	0.00294917284917746	2.53029977297411
"442.3"	157	0.00723468964563845	2.14058009454876
"442.4"	65	0.00299525367494586	2.52356639031514
"442.8"	192	0.00884751854753237	2.05317851825445
"443"	1921	0.0885212663010921	1.0529523820963
"443.1"	290	0.0133634394728354	1.87408174905904
"443.7"	89	0.0041011934933874	2.38708974031308
"443.8"	277	0.0127643887378462	1.89399997789355
"443.9"	1585	0.0730381088429105	1.13645048040423
"444"	528	0.024330676005714	1.61384582442418
"444.1"	170	0.00783374038062762	2.10603082557972
"444.2"	100	0.00460808257683978	2.336479746958
"444.5"	19	0.000875535689599558	3.05772614600517
"446"	650	0.0299525367494585	1.52356639031514
"446.1"	27	0.00124418229574674	2.90511598279901
"446.2"	14	0.000645131560757569	3.19035171127976
"446.3"	85	0.00391687019031381	2.4070608212437
"446.4"	138	0.00635915395603889	2.19660066055676
"446.5"	200	0.00921616515367955	2.03544975129401
"446.6"	63	0.00290309202340906	2.53713919750441
"446.7"	28	0.00129026312151514	2.88932171561578
"446.8"	45	0.0020736371595779	2.68326723318265
"446.9"	274	0.012626146260541	1.89872918413761
"447"	706	0.0325330629924888	1.48767504590619
"447.1"	290	0.0133634394728354	1.87408174905904
"447.7"	150	0.00691212386525967	2.16038848790231
"448"	68	0.00313349615225105	2.50397083425176
"450"	478	0.0220266347172941	1.65705185034588
"451"	724	0.03336251785632	1.47674118076085
"451.2"	449	0.0206902907700106	1.68423340595467
"452"	2010	0.0926224597944795	1.03328368953751
"452.1"	88	0.004055112667619	2.39199707480783
"452.2"	914	0.0421178747523156	1.37553355122416
"452.8"	56	0.00258052624303028	2.5882917199518
"453"	58	0.00267268789456707	2.57305175339506
"454"	701	0.0323026588636468	1.49076172899134
"454.1"	525	0.0241924335284088	1.61632044355204
"454.11"	352	0.016220450670476	1.78993708347987
"455"	2205	0.101608220819317	0.993071153154139
"456"	653	0.0300907792267637	1.52156656568292
"457"	2048	0.0943735311736786	1.0251497946542
"457.2"	374	0.0172342288373808	1.76360814475752
"457.3"	1827	0.0841896686788627	1.07474119960546
"458"	3575	0.164738952122022	0.783203700820897
"458.1"	878	0.0404589650246532	1.39298523105189
"458.2"	461	0.0212432606792314	1.67277882156835
"458.9"	2807	0.129348877931893	0.888237334323557
"459"	1563	0.0720243306760057	1.14252076893881
"459.1"	307	0.0141468135108981	1.84934137148081
"459.7"	12	0.000552969909220773	3.25729850091037
"459.9"	1211	0.0558038800055297	1.25333560381494
"464"	3303	0.152204967513018	0.817571173266582
"465"	4657	0.214598405603428	0.668373509025265
"465.2"	1866	0.0859868208838302	1.06556810754751
"465.4"	189	0.00870927607022718	2.06001794278475
"470"	1112	0.0512418782544583	1.29037495971196
"471"	200	0.00921616515367955	2.03544975129401
"472"	1133	0.0522095755955947	1.2822498370946
"473"	1332	0.0613796599235058	1.21197552212371
"473.1"	261	0.0120270955255518	1.91983923961972
"473.3"	295	0.0135938436016773	1.86665773097983
"473.4"	1079	0.0497212110041012	1.30345830227509
"474"	280	0.0129026312151514	1.88932171561578
"474.1"	102	0.00470024422837657	2.32787957519608
"474.2"	192	0.00884751854753237	2.05317851825445
"475"	2157	0.099396341182434	1.00262960185545
"475.9"	397	0.0182940878300539	1.73768924019488
"476"	4148	0.191143265287314	0.718640999240993
"477"	675	0.0311045573936685	1.50717597412697
"478"	365	0.0168195014054652	1.77418688250152
"479"	1740	0.0801806368370121	1.0959304986754
"480"	3861	0.177918068291784	0.749779945333947
"480.1"	952	0.0438689461315147	1.35784279857352
"480.11"	222	0.0102299433205843	1.99012677250736
"480.12"	129	0.00594442652412331	2.22589003665875
"480.13"	109	0.00502281000875536	2.29905324901737
"480.2"	88	0.004055112667619	2.39199707480783
"480.3"	127	0.00585226487258652	2.23267602600204
"480.5"	187	0.00861711441869038	2.0646381404215
"481"	614	0.0282936270217962	1.54831137581683
"483"	2512	0.115755034330215	0.936460111892838
"495"	2092	0.0964010875074881	1.01591806676276
"495.1"	439	0.0202294825123266	1.69401522671587
"495.11"	98	0.00451592092530298	2.3452536712655
"495.2"	395	0.0182019261785171	1.73988265133154
"496"	3262	0.150315653656514	0.822995790253739
"496.1"	1155	0.0532233537624994	1.27389776272983
"496.2"	1146	0.0528086263305838	1.27729512932663
"496.21"	872	0.0401824800700429	1.39596326202543
"496.3"	324	0.0149301875489609	1.82593473675138
"497"	680	0.0313349615225105	1.50397083425176
"498"	86	0.00396295101608221	2.40198129571443
"499"	130	0.00599050734989171	2.22253639465116
"500"	137	0.00631307313027049	2.19975917980159
"500.1"	38	0.00175107137919912	2.75669615034119
"500.2"	43	0.0019814755080411	2.70301129137841
"501"	624	0.0287544352794802	1.54129515727557
"502"	764	0.0352057508870559	1.45338638838231
"503"	1320	0.0608266900142851	1.21590581575215
"504"	303	0.0139624902078245	1.85503711845569
"504.1"	204	0.00940048845675314	2.0268495795321
"505"	685	0.0315653656513525	1.50078917546557
"506"	1207	0.0556195567024561	1.25477247686065
"507"	4008	0.184691949679738	0.733552034098807
"508"	5794	0.266992304502097	0.573501256090253
"509"	3300	0.152066725035713	0.817965807080109
"509.1"	2222	0.10239159485738	0.989735692353147
"509.2"	849	0.0391226210773697	1.40757205671404
"509.3"	1342	0.0618404681811898	1.20872723112502
"509.5"	148	0.00681996221372287	2.16621803156304
"509.8"	676	0.0311506382194369	1.50653305101636
"510"	3846	0.177226855905258	0.751470467055535
"510.2"	156	0.00718860881987005	2.14335514860353
"512"	11843	0.545735219575135	0.263018017678161
"512.1"	1144	0.052716464679047	1.27805372250099
"512.2"	1176	0.0541910511036358	1.26607242521788
"512.3"	147	0.00677388138795447	2.16916241220982
"512.7"	7308	0.336758674715451	0.472681208277496
"512.8"	6768	0.311875028800516	0.506019396927029
"512.9"	6126	0.282291138657205	0.549302754487442
"513"	1958	0.0902262568545228	1.04466705949088
"513.3"	523	0.024100271876872	1.61797805809072
"513.31"	158	0.00728077047140685	2.13782266000357
"513.32"	270	0.0124418229574674	1.90511598279901
"513.4"	1016	0.0468181189806921	1.3295860390101
"513.8"	178	0.0082023869867748	2.0860597446491
"514"	2082	0.0959402792498042	1.01799902178348
"514.1"	187	0.00861711441869038	2.0646381404215
"514.2"	318	0.0146537025943505	1.83405262697356
"516"	796	0.0366803373116446	1.43556667922033
"516.1"	612	0.0282014653702594	1.54972832481243
"519"	1981	0.091286115847196	1.03959527141945
"519.1"	105	0.00483848670568177	2.31529044788806
"519.2"	274	0.012626146260541	1.89872918413761
"519.8"	229	0.0105525091009631	1.97664426461811
"519.9"	1570	0.0723468964563845	1.14058009454876
"520"	176	0.00811022533523801	2.09096707914385
"520.1"	18	0.00082945486383116	3.08120724185469
"520.2"	159	0.00732685129717525	2.13508262263754
"521"	750	0.0345606193262983	1.4614184835663
"521.1"	706	0.0325330629924888	1.48767504590619
"521.2"	31	0.00142850559882033	2.84511805312372
"521.4"	16	0.000737293212294364	3.13235976430207
"522"	199	0.00917008432791116	2.03762667054829
"522.1"	19	0.000875535689599558	3.05772614600517
"522.5"	178	0.0082023869867748	2.0860597446491
"523"	582	0.0268190405972075	1.57155676230811
"523.1"	332	0.0152988341551081	1.81534166325396
"523.3"	229	0.0105525091009631	1.97664426461811
"523.31"	157	0.00723468964563845	2.14058009454876
"523.32"	86	0.00396295101608221	2.40198129571443
"524"	117	0.00539145661490254	2.26829388521183
"524.3"	100	0.00460808257683978	2.336479746958
"525"	362	0.01668125892816	1.77777117642483
"525.1"	154	0.00709644716833326	2.14895902612153
"525.2"	33	0.00152066725035713	2.81796580708011
"526"	697	0.0321183355605732	1.49324696885999
"526.1"	43	0.0019814755080411	2.70301129137841
"526.3"	34	0.00156674807612552	2.80500082991574
"526.4"	338	0.0155753191097184	1.80756304668034
"526.41"	224	0.0103221049721211	1.98623172862383
"526.42"	77	0.00354822358416663	2.44998902178551
"526.5"	91	0.0041933551449242	2.3774383546369
"526.8"	21	0.000967697341136353	3.01426045222408
"526.9"	217	0.00999953919174232	2.00002001310947
"527"	445	0.020505967466937	1.68811973597706
"527.1"	13	0.000599050734989171	3.22253639465116
"527.2"	189	0.00870927607022718	2.06001794278475
"527.7"	240	0.0110593981844155	1.95626850524639
"527.8"	27	0.00124418229574674	2.90511598279901
"528"	1228	0.0565872540435925	1.24728138015285
"528.1"	537	0.0247454034376296	1.60650546125844
"528.11"	148	0.00681996221372287	2.16621803156304
"528.12"	126	0.00580618404681812	2.23610920184043
"528.3"	97	0.00446984009953458	2.34970801269175
"528.4"	32	0.00147458642458873	2.83132976863809
"528.41"	23	0.00105985899267315	2.9747519109404
"528.5"	139	0.00640523478180729	2.1934649467039
"528.6"	98	0.00451592092530298	2.3452536712655
"528.7"	19	0.000875535689599558	3.05772614600517
"529"	236	0.0108750748813419	1.96356774398789
"529.1"	117	0.00539145661490254	2.26829388521183
"529.6"	40	0.00184323303073591	2.73441975563003
"530"	7465	0.343993364361089	0.463449934896952
"530.1"	6950	0.320261739090364	0.494494942367882
"530.11"	6554	0.302013732086079	0.519973309911639
"530.12"	192	0.00884751854753237	2.05317851825445
"530.13"	242	0.0111515598359523	1.95266438097756
"530.14"	498	0.0229482512326621	1.63925040419828
"530.15"	15	0.000691212386525967	3.16038848790231
"530.2"	452	0.0208285332473158	1.68134131214661
"530.3"	671	0.0309202340905949	1.509757226789
"530.5"	245	0.0112898023132575	1.94731366259346
"530.6"	64	0.00294917284917746	2.53029977297411
"530.7"	39	0.00179715220496751	2.7454151399315
"530.9"	475	0.0218883922399889	1.65978613733313
"531"	1102	0.0507810699967743	1.29429815244223
"531.1"	223	0.0102760241463527	1.98817488390984
"531.2"	361	0.0166351781023916	1.77897254505234
"531.3"	241	0.0111054790101839	1.95446270438313
"531.4"	535	0.0246532417860928	1.60812596493677
"531.5"	35	0.00161282890189392	2.79241170260772
"532"	3128	0.144140823003548	0.841213002570186
"535"	1278	0.0588912953320124	1.22994889313561
"535.1"	308	0.0141928943366665	1.84792903045755
"535.2"	399	0.0183862494815907	1.73550685127125
"535.6"	179	0.0082484678125432	2.0836267159781
"535.8"	650	0.0299525367494585	1.52356639031514
"535.9"	345	0.0158978848900972	1.79866065188472
"536"	1574	0.0725312197594581	1.13947501893495
"536.3"	242	0.0111515598359523	1.95266438097756
"536.7"	290	0.0133634394728354	1.87408174905904
"536.8"	1140	0.0525321413759735	1.27957489562152
"537"	921	0.0424404405326943	1.37222011676115
"537.1"	64	0.00294917284917746	2.53029977297411
"539"	273	0.0125800654347726	1.90031709991724
"540"	203	0.00935440763098475	2.02898370904478
"540.1"	177	0.0081563061610064	2.08850648059619
"540.11"	145	0.00668171973641768	2.17511174472302
"550"	3386	0.156029676051795	0.80679279318508
"550.1"	650	0.0299525367494585	1.52356639031514
"550.2"	1954	0.0900419335514492	1.04555518757524
"550.3"	63	0.00290309202340906	2.53713919750441
"550.4"	367	0.016911663057002	1.77181368270591
"550.5"	561	0.0258513432560711	1.58751688570183
"550.6"	605	0.0278788995898806	1.55472437230553
"555"	617	0.0284318694991014	1.54619458292475
"555.1"	421	0.0194000276484955	1.71219765112233
"555.2"	391	0.0180176028754435	1.74430298956213
"555.21"	211	0.00972305423713193	2.0121972916603
"556"	361	0.0166351781023916	1.77897254505234
"556.1"	310	0.0142850559882033	1.84511805312372
"556.11"	103	0.00474632505414497	2.32364252225282
"557"	190	0.00875535689599558	2.05772614600517
"557.1"	85	0.00391687019031381	2.4070608212437
"558"	1410	0.0649739643334409	1.18726063430262
"559"	299	0.0137781669047509	1.86080855863357
"560"	1790	0.082484678125432	1.0836267159781
"560.1"	1111	0.0511957974286899	1.29076568801713
"560.2"	110	0.00506889083452375	2.29508706179977
"560.3"	232	0.0106907515782683	1.9709917620671
"560.4"	965	0.0444679968665039	1.3519524336142
"561"	613	0.0282475461960278	1.54901927243958
"562"	3678	0.169485277176167	0.770868022055937
"562.1"	3506	0.161559375144003	0.79166783520022
"562.2"	626	0.028846596931017	1.53990541374757
"564"	1625	0.0748813418736464	1.1256263816431
"564.1"	1131	0.0521174139440579	1.28301714203254
"564.9"	37	0.00170499055343072	2.768278022891
"565"	1309	0.0603198009308327	1.21954010040724
"565.1"	472	0.0217501497626837	1.66253774832391
"567"	615	0.0283397078475646	1.54760463118258
"568"	994	0.0458043408137874	1.33909336256068
"568.1"	732	0.0337311644624672	1.4719686658996
"569"	2311	0.106492788350767	0.972679801478887
"569.1"	23	0.00105985899267315	2.9747519109404
"569.2"	914	0.0421178747523156	1.37553355122416
"571"	1731	0.0797659094050965	1.0981826790826
"571.5"	1518	0.0699506935164278	1.15520797539853
"571.51"	834	0.0384314086908437	1.41531369632026
"571.6"	269	0.012395742131699	1.90672746695559
"571.8"	693	0.0319340122574997	1.49574651234619
"571.81"	456	0.0210128565503894	1.67751490429356
"572"	1555	0.0716556840698585	1.14474935359514
"573"	1387	0.0639141053407677	1.19440328588471
"573.1"	57	0.00262660706879867	2.5806048912855
"573.2"	414	0.0190774618681167	1.7194794058371
"573.3"	163	0.00751117460024884	2.12429214255404
"573.4"	203	0.00935440763098475	2.02898370904478
"573.5"	504	0.0232247361872725	1.63404921051247
"573.6"	943	0.0434542186995991	1.36196805422067
"573.7"	1559	0.0718400073729321	1.14363363176915
"573.9"	932	0.0429473296161467	1.36706383460401
"574"	1476	0.0680152988341551	1.16739338947097
"574.1"	1227	0.0565411732178241	1.24763518423099
"574.11"	171	0.00787982120639602	2.10348363656584
"574.12"	475	0.0218883922399889	1.65978613733313
"574.2"	293	0.0135016819501405	1.86961212660389
"574.3"	489	0.0225335238007465	1.64717088783438
"575"	1043	0.0480623012764389	1.31819543853147
"575.1"	279	0.012856550389383	1.8908755436844
"575.2"	321	0.0147919450716557	1.82997471455312
"575.6"	52	0.00239620293995668	2.6204764033232
"575.7"	337	0.01552923828395	1.80884984608666
"575.8"	561	0.0258513432560711	1.58751688570183
"575.9"	38	0.00175107137919912	2.75669615034119
"577"	789	0.0363577715312658	1.43940274374858
"577.1"	373	0.0171881480116124	1.76477091514931
"577.2"	173	0.00797198285793281	2.0984336438292
"577.3"	197	0.00907792267637436	2.0420135207964
"578"	3191	0.147043915026957	0.832552942764486
"578.1"	306	0.0141007326851297	1.85075832047642
"578.2"	1897	0.0874153264826506	1.05841241606933
"578.8"	1271	0.0585687295516336	1.23233419640399
"578.9"	1347	0.0620708723100318	1.20711215123501
"579"	2010	0.0926224597944795	1.03328368953751
"579.2"	458	0.0211050182019262	1.67561426895413
"579.8"	429	0.0197686742546426	1.70402245477327
"580"	1249	0.0575549513847288	1.23991730858386
"580.1"	430	0.019814755080411	1.70301129137841
"580.11"	159	0.00732685129717525	2.13508262263754
"580.12"	110	0.00506889083452375	2.29508706179977
"580.13"	105	0.00483848670568177	2.31529044788806
"580.14"	185	0.00852495276715359	2.06930801855498
"580.2"	216	0.00995345836597392	2.00202599580707
"580.3"	677	0.0311967190452053	1.50589107827285
"580.31"	422	0.0194461084742639	1.71116729599632
"580.32"	309	0.0142389751624349	1.84652126753316
"580.4"	391	0.0180176028754435	1.74430298956213
"585"	4698	0.216487719459933	0.664566734516409
"585.1"	3205	0.147689046587715	0.83065171310316
"585.2"	817	0.037648034652781	1.42425769042558
"585.3"	3102	0.14294272153357	0.84483795348041
"585.31"	750	0.0345606193262983	1.4614184835663
"585.32"	966	0.0445140776922722	1.3515026205425
"585.33"	1425	0.0656651767199668	1.18266488261347
"585.34"	783	0.0360812865766555	1.44271798490005
"585.4"	802	0.036956822266255	1.43230537867383
"586"	3588	0.165338002857011	0.781627312585942
"586.1"	126	0.00580618404681812	2.23610920184043
"586.11"	28	0.00129026312151514	2.88932171561578
"586.12"	80	0.00368646606147182	2.43338975996605
"586.2"	811	0.0373715496981706	1.42745889274684
"586.3"	120	0.00552969909220773	2.25729850091037
"586.4"	385	0.0177411179208331	1.7510190174495
"587"	964	0.0444219160407354	1.35240271305517
"588"	827	0.038108842910465	1.41897423740545
"588.1"	628	0.0289387585825538	1.5385201032208
"588.2"	279	0.012856550389383	1.8908755436844
"589"	243	0.0111976406617207	1.95087347335968
"590"	660	0.0304133450071425	1.51693581141613
"591"	6140	0.282936270217962	0.548311375816828
"592"	839	0.0386618128196857	1.4127177861293
"592.1"	746	0.0343762960232247	1.46374091948533
"592.11"	229	0.0105525091009631	1.97664426461811
"592.12"	152	0.00700428551679646	2.15463615901322
"592.13"	111	0.00511497166029215	2.29115676817134
"592.2"	116	0.00534537578913414	2.27202175773108
"592.21"	23	0.00105985899267315	2.9747519109404
"592.3"	4	0.000184323303073591	3.73441975563003
"593"	2633	0.121330814248191	0.916028887851928
"593.1"	411	0.0189392193908115	1.72263792508193
"593.2"	366	0.0168655822312336	1.77299866156359
"594"	1637	0.0754343117828671	1.12243106754605
"594.1"	1369	0.0630846504769366	1.20007629882401
"594.2"	148	0.00681996221372287	2.16621803156304
"594.3"	456	0.0210128565503894	1.67751490429356
"594.8"	155	0.00714252799410165	2.1461480487877
"595"	767	0.0353439933643611	1.45168438300902
"596"	1282	0.0590756186350859	1.2285917217752
"596.1"	244	0.0112437214874891	1.94908992061927
"596.5"	741	0.0341458918943827	1.46666153897867
"597"	1062	0.0489378369660384	1.31035523021255
"597.1"	170	0.00783374038062762	2.10603082557972
"597.2"	297	0.0136860052532141	1.86372329764078
"597.8"	253	0.0116584489194046	1.93335922578218
"598"	90	0.0041472743191558	2.38223723751867
"598.4"	27	0.00124418229574674	2.90511598279901
"599"	6110	0.28155384544491	0.550438536715442
"599.1"	447	0.0205981291184738	1.68617222382606
"599.2"	1698	0.0782452421547394	1.10654206105006
"599.3"	2694	0.124141744620064	0.906082155571029
"599.4"	1981	0.091286115847196	1.03959527141945
"599.5"	2788	0.128473342242293	0.891186977532024
"599.6"	285	0.0131330353439934	1.88163488694949
"599.7"	15	0.000691212386525967	3.16038848790231
"599.8"	227	0.0104603474494263	1.98045388976487
"599.9"	1312	0.0604580434081379	1.21854591191835
"600"	2085	0.0960785217271093	1.01737368764822
"601"	652	0.0300446984009953	1.52223215122608
"601.1"	414	0.0190774618681167	1.7194794058371
"601.11"	177	0.0081563061610064	2.08850648059619
"601.12"	154	0.00709644716833326	2.14895902612153
"601.3"	185	0.00852495276715359	2.06930801855498
"601.4"	43	0.0019814755080411	2.70301129137841
"601.8"	62	0.00285701119764066	2.54408805745974
"602"	207	0.00953873093405834	2.02050940150108
"602.3"	12	0.000552969909220773	3.25729850091037
"603"	196	0.00903184185060596	2.04422367560152
"603.1"	137	0.00631307313027049	2.19975917980159
"603.2"	66	0.00304133450071425	2.51693581141613
"604"	260	0.0119810146997834	1.92150639898718
"604.1"	66	0.00304133450071425	2.51693581141613
"604.2"	8	0.000368646606147182	3.43338975996605
"604.3"	74	0.00340998110686143	2.46724802722702
"605"	1467	0.0676005714022395	1.17004963311471
"608"	556	0.0256209391272292	1.59140495537594
"609"	74	0.00340998110686143	2.46724802722702
"609.1"	39	0.00179715220496751	2.7454151399315
"609.11"	7	0.000322565780378784	3.49138170694374
"609.2"	34	0.00156674807612552	2.80500082991574
"610"	1376	0.0634072162573153	1.1978613130585
"610.1"	1149	0.052946868807889	1.27615971826971
"610.2"	97	0.00446984009953458	2.34970801269175
"610.3"	134	0.0061748306529653	2.20937494859319
"610.4"	335	0.0154370766324133	1.81143493992115
"610.8"	85	0.00391687019031381	2.4070608212437
"611"	2714	0.125063361135432	0.902869903634278
"611.1"	2155	0.0993041795308972	1.00303247246125
"611.11"	604	0.0278328187641123	1.55544280833686
"611.3"	1698	0.0782452421547394	1.10654206105006
"612"	416	0.0191696235196535	1.71738641633125
"612.1"	79	0.00364038523570342	2.43885265566755
"612.2"	320	0.0147458642458873	1.83132976863809
"612.3"	21	0.000967697341136353	3.01426045222408
"613"	1691	0.0779226763743606	1.10833613936025
"613.1"	238	0.0109672365328787	1.95990278990148
"613.5"	528	0.024330676005714	1.61384582442418
"613.7"	501	0.0230864937099673	1.63664202109075
"613.8"	856	0.0394451868577485	1.40400598228084
"613.9"	135	0.0062209114787337	2.20614597846299
"614"	1339	0.0617022257038846	1.20969916994599
"614.1"	216	0.00995345836597392	2.00202599580707
"614.3"	153	0.00705036634256486	2.1517883161404
"614.31"	23	0.00105985899267315	2.9747519109404
"614.32"	106	0.00488456753145016	2.31117388169323
"614.33"	37	0.00170499055343072	2.768278022891
"614.4"	43	0.0019814755080411	2.70301129137841
"614.5"	1067	0.0491682410948804	1.30831532753353
"614.51"	191	0.00880143772176397	2.05544637971027
"614.52"	818	0.0376941154785494	1.42372644328667
"614.53"	44	0.0020275563338095	2.69302707047181
"614.54"	72	0.00331781945532464	2.47914725052673
"615"	264	0.012165338002857	1.91487582008817
"618"	703	0.0323948205151836	1.48952442193817
"618.1"	610	0.0281093037187226	1.55114991194723
"618.2"	227	0.0104603474494263	1.98045388976487
"618.5"	207	0.00953873093405834	2.02050940150108
"618.6"	179	0.0082484678125432	2.0836267159781
"619"	1301	0.0599511543246855	1.22220245039641
"619.1"	257	0.0118427722224782	1.9265466236267
"619.2"	492	0.0226717662780517	1.64451464419064
"619.3"	176	0.00811022533523801	2.09096707914385
"619.4"	380	0.0175107137919912	1.75669615034119
"619.5"	222	0.0102299433205843	1.99012677250736
"620"	103	0.00474632505414497	2.32364252225282
"620.1"	16	0.000737293212294364	3.13235976430207
"621"	115	0.00529929496336574	2.27578190660438
"622"	335	0.0154370766324133	1.81143493992115
"622.1"	224	0.0103221049721211	1.98623172862383
"622.2"	112	0.00516105248606055	2.28726172428781
"623"	77	0.00354822358416663	2.44998902178551
"624"	333	0.0153449149808765	1.81403551345168
"624.1"	52	0.00239620293995668	2.6204764033232
"624.2"	24	0.00110593981844155	2.95626850524639
"624.9"	658	0.0303211833556057	1.51825385334404
"625"	1240	0.0571402239528132	1.24305806179576
"625.1"	197	0.00907792267637436	2.0420135207964
"626"	1859	0.0856642551034515	1.0672003571861
"626.1"	1633	0.0752499884797936	1.12349356222133
"626.11"	502	0.0231325745357357	1.63577602981298
"626.12"	614	0.0282936270217962	1.54831137581683
"626.13"	870	0.0400903184185061	1.39696049433938
"626.14"	142	0.00654347725911248	2.18419140257494
"626.15"	38	0.00175107137919912	2.75669615034119
"626.2"	245	0.0112898023132575	1.94731366259346
"626.21"	6	0.000276484954610387	3.55832849657435
"626.4"	77	0.00354822358416663	2.44998902178551
"626.8"	112	0.00516105248606055	2.28726172428781
"627"	3217	0.148242016496936	0.829028686056026
"627.1"	496	0.0228560895811253	1.6409980704678
"627.2"	2396	0.110409658541081	0.956992933240722
"627.21"	351	0.0161743698447076	1.79117263049217
"627.22"	370	0.0170499055343072	1.768278022891
"627.3"	772	0.0355743974932031	1.44886244662226
"627.4"	88	0.004055112667619	2.39199707480783
"627.5"	243	0.0111976406617207	1.95087347335968
"628"	665	0.0306437491359845	1.51365810165489
"634"	173	0.00797198285793281	2.0984336438292
"634.1"	84	0.00387078936454541	2.41220046089611
"634.3"	20	0.000921616515367955	3.03544975129401
"635"	156	0.00718860881987005	2.14335514860353
"635.2"	105	0.00483848670568177	2.31529044788806
"635.3"	48	0.00221187963688309	2.65523850958241
"636"	461	0.0212432606792314	1.67277882156835
"636.1"	171	0.00787982120639602	2.10348363656584
"636.2"	130	0.00599050734989171	2.22253639465116
"636.3"	216	0.00995345836597392	2.00202599580707
"636.8"	25	0.00115202064420994	2.93853973828596
"637"	3	0.000138242477305193	3.85935849223833
"642"	257	0.0118427722224782	1.9265466236267
"642.1"	149	0.00686604303949127	2.16329347854572
"643"	79	0.00364038523570342	2.43885265566755
"643.1"	40	0.00184323303073591	2.73441975563003
"644"	63	0.00290309202340906	2.53713919750441
"646"	156	0.00718860881987005	2.14335514860353
"647"	85	0.00391687019031381	2.4070608212437
"647.1"	90	0.0041472743191558	2.38223723751867
"647.3"	18	0.00082945486383116	3.08120724185469
"649"	435	0.020045159209253	1.69799049000336
"649.1"	164	0.00755725542601723	2.1216358989103
"653"	166	0.00764941707755403	2.11637165891794
"654"	10	0.000460808257683978	3.336479746958
"654.1"	33	0.00152066725035713	2.81796580708011
"654.2"	46	0.0021197179853463	2.67372191527642
"655"	602	0.0277406571125755	1.55688325570017
"655.1"	194	0.00893968019906917	2.04867801702777
"656"	89	0.0041011934933874	2.38708974031308
"656.1"	3	0.000138242477305193	3.85935849223833
"656.2"	18	0.00082945486383116	3.08120724185469
"656.22"	2	9.21616515367955e-05	4.03544975129402
"656.26"	5	0.000230404128841989	3.63750974262198
"656.3"	6	0.000276484954610387	3.55832849657435
"656.4"	11	0.000506889083452375	3.29508706179977
"656.5"	7	0.000322565780378784	3.49138170694374
"656.6"	14	0.000645131560757569	3.19035171127976
"656.7"	9	0.00041472743191558	3.38223723751867
"656.8"	6	0.000276484954610387	3.55832849657435
"657"	12	0.000552969909220773	3.25729850091037
"669"	75	0.00345606193262983	2.4614184835663
"671"	51	0.00235012211418829	2.62890957086006
"674"	29	0.00133634394728354	2.87408174905904
"676"	10	0.000460808257683978	3.336479746958
"681"	3743	0.172480530851113	0.763259919843574
"681.1"	656	0.0302290217040689	1.51957590758234
"681.2"	360	0.0165890972766232	1.78017724619071
"681.3"	490	0.0225796046265149	1.64628366692948
"681.5"	1081	0.049813372655638	1.30265405300469
"681.6"	314	0.0144693792912769	1.83955009888478
"681.7"	798	0.0367724989631814	1.43447685560727
"686"	1056	0.048661352011428	1.3128158287602
"686.1"	294	0.0135477627759089	1.86813241654584
"686.2"	179	0.0082484678125432	2.0836267159781
"686.3"	28	0.00129026312151514	2.88932171561578
"686.4"	91	0.0041933551449242	2.3774383546369
"686.5"	60	0.00276484954610387	2.55832849657435
"687"	73	0.00336390028109304	2.47315688683754
"687.1"	3759	0.173217824063407	0.761407421244184
"687.3"	27	0.00124418229574674	2.90511598279901
"687.4"	2666	0.122851481498548	0.910619601880156
"689"	1445	0.0665867932353348	1.17661189986543
"690"	798	0.0367724989631814	1.43447685560727
"690.1"	775	0.0357126399705083	1.44717804445169
"691"	216	0.00995345836597392	2.00202599580707
"691.1"	9	0.00041472743191558	3.38223723751867
"691.3"	13	0.000599050734989171	3.22253639465116
"694"	1128	0.0519791714667527	1.28417064731067
"694.1"	49	0.00225796046265149	2.64628366692948
"694.2"	1074	0.0494908068752592	1.30547546559446
"694.3"	19	0.000875535689599558	3.05772614600517
"695"	1942	0.0894889636422285	1.04823052138601
"695.1"	59	0.00271876872033547	2.56562773531585
"695.2"	55	0.00253444541726188	2.59611705746375
"695.21"	12	0.000552969909220773	3.25729850091037
"695.22"	39	0.00179715220496751	2.7454151399315
"695.3"	623	0.0287083544537118	1.54199170029883
"695.4"	595	0.0274180913321967	1.56196278122945
"695.41"	142	0.00654347725911248	2.18419140257494
"695.42"	560	0.0258052624303028	1.5882917199518
"695.7"	241	0.0111054790101839	1.95446270438313
"695.8"	287	0.0132251969955302	1.878597850224
"695.81"	47	0.00216579881111469	2.66438188902228
"695.9"	307	0.0141468135108981	1.84934137148081
"696"	586	0.0270033639002811	1.56858213093991
"696.2"	14	0.000645131560757569	3.19035171127976
"696.3"	41	0.00188931385650431	2.72369589023826
"696.4"	545	0.0251140500437768	1.60008324468135
"696.41"	469	0.0216119072853786	1.66530690424291
"696.42"	176	0.00811022533523801	2.09096707914385
"697"	358	0.0164969356250864	1.78259672031412
"698"	879	0.0405050458504216	1.39249087188422
"700"	422	0.0194461084742639	1.71116729599632
"701"	2695	0.124187825445832	0.905920977435239
"701.1"	326	0.0150223492004977	1.82326214689006
"701.2"	1105	0.0509193124740795	1.29311746893687
"701.3"	101	0.00465416340260817	2.33215837317535
"701.4"	292	0.0134556011243721	1.87109689550958
"701.5"	265	0.0122114188286254	1.91323387302119
"701.6"	49	0.00225796046265149	2.64628366692948
"702"	4045	0.186396940233169	0.729561221009705
"702.1"	2595	0.119579742868992	0.922342384773519
"702.2"	3178	0.146444864291968	0.834325854086635
"702.4"	49	0.00225796046265149	2.64628366692948
"703"	441	0.0203216441638634	1.69204115749016
"703.1"	380	0.0175107137919912	1.75669615034119
"704"	941	0.0433620570480623	1.36289012353074
"704.1"	447	0.0205981291184738	1.68617222382606
"704.11"	51	0.00235012211418829	2.62890957086006
"704.12"	54	0.00248836459149348	2.60408598713503
"704.2"	130	0.00599050734989171	2.22253639465116
"704.8"	527	0.0242845951799456	1.61466913174545
"705"	246	0.0113358831390259	1.94554463985462
"705.1"	146	0.00672780056218607	2.17212689117356
"705.3"	69	0.00317957697801945	2.49763065622074
"705.8"	355	0.0163586931477812	1.7862513939029
"706"	2334	0.10755264734344	0.968378895248645
"706.1"	628	0.0289387585825538	1.5385201032208
"706.2"	1303	0.0600433159762223	1.22153533124541
"706.3"	10	0.000460808257683978	3.336479746958
"706.8"	612	0.0282014653702594	1.54972832481243
"707"	1414	0.0651582876365144	1.18603033749712
"707.1"	744	0.0342841343716879	1.46490681141212
"707.2"	625	0.0288005161052486	1.54059972961392
"707.3"	461	0.0212432606792314	1.67277882156835
"709"	854	0.0393530252062117	1.40502187626899
"709.2"	238	0.0109672365328787	1.95990278990148
"709.3"	314	0.0144693792912769	1.83955009888478
"709.4"	108	0.00497672918298696	2.30305599147105
"709.5"	139	0.00640523478180729	2.1934649467039
"709.6"	158	0.00728077047140685	2.13782266000357
"709.7"	110	0.00506889083452375	2.29508706179977
"710"	797	0.036726418137413	1.43502142556188
"710.1"	707	0.0325791438182572	1.4870603331611
"710.11"	297	0.0136860052532141	1.86372329764078
"710.12"	364	0.0167734205796968	1.77537836330894
"710.19"	533	0.024561080134556	1.60975253793142
"710.2"	4	0.000184323303073591	3.73441975563003
"710.3"	26	0.00119810146997834	2.92150639898718
"711"	308	0.0141928943366665	1.84792903045755
"711.1"	193	0.00889359937330077	2.05092243795022
"711.2"	22	0.00101377816690475	2.99405706613579
"711.3"	18	0.00082945486383116	3.08120724185469
"712"	118	0.00543753744067094	2.26459773965187
"713"	197	0.00907792267637436	2.0420135207964
"713.5"	140	0.00645131560757569	2.19035171127976
"714"	1674	0.0771393023362979	1.11272429330075
"714.1"	1366	0.0629464079996314	1.20102904761248
"714.2"	69	0.00317957697801945	2.49763065622074
"715"	390	0.0179715220496751	1.7454151399315
"715.1"	246	0.0113358831390259	1.94554463985462
"715.2"	86	0.00396295101608221	2.40198129571443
"715.3"	78	0.00359430440993503	2.44438514426752
"716"	2719	0.125293765264274	0.902070539370496
"716.1"	55	0.00253444541726188	2.59611705746375
"716.2"	23	0.00105985899267315	2.9747519109404
"716.3"	16	0.000737293212294364	3.13235976430207
"716.8"	21	0.000967697341136353	3.01426045222408
"716.9"	2630	0.121192571770886	0.916523998468238
"717"	567	0.0261278282106815	1.58289668806509
"720"	1741	0.0802267176627805	1.09568097584066
"720.1"	1306	0.0601815584535275	1.22053657001894
"721"	2896	0.13345007142528	0.874681189432887
"721.1"	2760	0.127183079120778	0.895570664892778
"721.2"	344	0.0158518040643288	1.79992130438647
"721.8"	58	0.00267268789456707	2.57305175339506
"722"	3172	0.146168379337358	0.83514656831243
"722.1"	894	0.0411962582369476	1.38514222816208
"722.3"	18	0.00082945486383116	3.08120724185469
"722.6"	2600	0.119810146997834	0.921506398987178
"722.7"	184	0.00847887194138519	2.07166192394846
"722.8"	332	0.0152988341551081	1.81534166325396
"722.9"	143	0.00658955808488088	2.18114370949293
"723"	307	0.0141468135108981	1.84934137148081
"723.1"	39	0.00179715220496751	2.7454151399315
"724"	512	0.0235933827934197	1.62720978598217
"724.1"	98	0.00451592092530298	2.3452536712655
"724.2"	95	0.00437767844799779	2.35875614166915
"724.8"	126	0.00580618404681812	2.23610920184043
"724.9"	164	0.00755725542601723	2.1216358989103
"726"	3880	0.178793603981383	0.747648021363789
"726.1"	2054	0.094650016128289	1.02387930769674
"726.2"	89	0.0041011934933874	2.38708974031308
"726.3"	577	0.0265886364683655	1.57530393380226
"726.4"	411	0.0189392193908115	1.72263792508193
"727"	2563	0.118105156444403	0.927731140773752
"727.1"	1313	0.0605041242339063	1.21821502086852
"727.2"	347	0.015990046541634	1.79615027216712
"727.4"	407	0.0187548960877379	1.72688533773278
"727.5"	182	0.00838671028984839	2.07640835897292
"727.6"	471	0.0217040689369154	1.6634588398291
"727.7"	165	0.00760333625178563	2.11899580274409
"727.8"	104	0.00479240587991337	2.31944640765922
"728"	188	0.00866319524445878	2.06232189769432
"728.1"	82	0.00377862771300862	2.42266589457428
"728.2"	37	0.00170499055343072	2.768278022891
"728.7"	670	0.0308741532648265	1.51040494425717
"728.71"	120	0.00552969909220773	2.25729850091037
"729"	336	0.0154831574581817	1.81014046956815
"729.1"	42	0.00193539468227271	2.7132304565601
"729.3"	79	0.00364038523570342	2.43885265566755
"729.7"	40	0.00184323303073591	2.73441975563003
"731"	105	0.00483848670568177	2.31529044788806
"731.1"	24	0.00110593981844155	2.95626850524639
"732"	64	0.00294917284917746	2.53029977297411
"732.1"	33	0.00152066725035713	2.81796580708011
"732.7"	26	0.00119810146997834	2.92150639898718
"733"	429	0.0197686742546426	1.70402245477327
"733.2"	72	0.00331781945532464	2.47914725052673
"733.4"	285	0.0131330353439934	1.88163488694949
"733.6"	122	0.00562186074374453	2.25011991628325
"733.8"	324	0.0149301875489609	1.82593473675138
"733.9"	101	0.00465416340260817	2.33215837317535
"735"	1348	0.0621169531358002	1.2067898547587
"735.1"	153	0.00705036634256486	2.1517883161404
"735.2"	675	0.0311045573936685	1.50717597412697
"735.21"	516	0.0237777060964933	1.62383004533078
"735.22"	52	0.00239620293995668	2.6204764033232
"735.23"	124	0.00571402239528132	2.24305806179576
"735.3"	426	0.0196304317773375	1.70707014785528
"736"	328	0.0151145108520345	1.82060590324632
"736.1"	20	0.000921616515367955	3.03544975129401
"736.2"	101	0.00465416340260817	2.33215837317535
"736.3"	37	0.00170499055343072	2.768278022891
"736.4"	10	0.000460808257683978	3.336479746958
"736.5"	37	0.00170499055343072	2.768278022891
"736.6"	67	0.00308741532648265	2.51040494425717
"737"	704	0.032440901340952	1.48890708781588
"737.1"	189	0.00870927607022718	2.06001794278475
"737.2"	17	0.000783374038062762	3.10603082557972
"737.3"	558	0.025713100778766	1.58984554802042
"738"	779	0.0358969632735819	1.44494228928543
"738.4"	443	0.0204138058154002	1.69007602073493
"739"	302	0.0139164093820561	1.85647280400085
"740"	6105	0.281323441316068	0.550794078677095
"740.1"	2475	0.114050043776784	0.942904543688409
"740.11"	1948	0.0897654485968389	1.0468907944154
"740.12"	51	0.00235012211418829	2.62890957086006
"740.2"	1832	0.0844200728077047	1.07355427762616
"740.3"	247	0.0113819639647942	1.94378279369833
"740.9"	4571	0.210635454587346	0.676468525668665
"741"	3172	0.146168379337358	0.83514656831243
"741.1"	42	0.00193539468227271	2.7132304565601
"741.2"	610	0.0281093037187226	1.55114991194723
"741.3"	807	0.037187226395097	1.42960621223593
"741.4"	1037	0.0477858163218285	1.32070099056896
"741.5"	89	0.0041011934933874	2.38708974031308
"741.6"	44	0.0020275563338095	2.69302707047181
"742"	651	0.0299986175752269	1.5228987583898
"742.1"	36	0.00165890972766232	2.78017724619071
"742.2"	75	0.00345606193262983	2.4614184835663
"742.8"	50	0.00230404128841989	2.63750974262198
"742.9"	527	0.0242845951799456	1.61466913174545
"743"	5909	0.272291599465462	0.56496575697833
"743.1"	3831	0.176535643518732	0.753167594974918
"743.11"	3088	0.142297589972812	0.846802455294298
"743.12"	1093	0.0503663425648588	1.29785958500829
"743.13"	1316	0.0606423667112115	1.21722385768006
"743.2"	844	0.0388922169485277	1.41013730033234
"743.21"	378	0.0174185521404544	1.75898794712077
"743.22"	110	0.00506889083452375	2.29508706179977
"743.4"	124	0.00571402239528132	2.24305806179576
"743.9"	3468	0.159808303764803	0.796400658153823
"745"	9704	0.447168333256532	0.34952895909948
"747"	1034	0.0476475738445233	1.32195920820007
"747.1"	857	0.0394912676835169	1.4034989250348
"747.11"	450	0.020736371595779	1.68326723318265
"747.12"	312	0.0143772176397401	1.84232515293955
"747.13"	161	0.00741901294871204	2.12965387092615
"747.2"	184	0.00847887194138519	2.07166192394846
"748"	80	0.00368646606147182	2.43338975996605
"749"	146	0.00672780056218607	2.17212689117356
"749.1"	13	0.000599050734989171	3.22253639465116
"749.2"	29	0.00133634394728354	2.87408174905904
"750"	273	0.0125800654347726	1.90031709991724
"750.1"	128	0.00589834569835491	2.22926977731013
"750.11"	41	0.00188931385650431	2.72369589023826
"750.13"	33	0.00152066725035713	2.81796580708011
"750.14"	16	0.000737293212294364	3.13235976430207
"750.15"	16	0.000737293212294364	3.13235976430207
"750.2"	147	0.00677388138795447	2.16916241220982
"750.21"	81	0.00373254688724022	2.42799472807935
"750.22"	63	0.00290309202340906	2.53713919750441
"750.5"	2	9.21616515367955e-05	4.03544975129402
"751"	1037	0.0477858163218285	1.32070099056896
"751.1"	117	0.00539145661490254	2.26829388521183
"751.11"	40	0.00184323303073591	2.73441975563003
"751.12"	44	0.0020275563338095	2.69302707047181
"751.2"	851	0.0392147827289065	1.40655018687341
"751.21"	664	0.0305976683102161	1.51431166758998
"751.22"	138	0.00635915395603889	2.19660066055676
"751.3"	116	0.00534537578913414	2.27202175773108
"752"	182	0.00838671028984839	2.07640835897292
"752.1"	71	0.00327173862955624	2.48522139823892
"752.11"	56	0.00258052624303028	2.5882917199518
"752.2"	93	0.00428551679646099	2.36799679840406
"753"	80	0.00368646606147182	2.43338975996605
"753.1"	25	0.00115202064420994	2.93853973828596
"753.2"	16	0.000737293212294364	3.13235976430207
"754"	271	0.0124879037832358	1.90351045608359
"754.1"	49	0.00225796046265149	2.64628366692948
"754.2"	195	0.00898576102483756	2.04644513559548
"755"	177	0.0081563061610064	2.08850648059619
"755.1"	92	0.00423943597069259	2.37269191961244
"755.3"	16	0.000737293212294364	3.13235976430207
"755.4"	27	0.00124418229574674	2.90511598279901
"755.6"	47	0.00216579881111469	2.66438188902228
"755.61"	35	0.00161282890189392	2.79241170260772
"756"	211	0.00972305423713193	2.0121972916603
"756.1"	34	0.00156674807612552	2.80500082991574
"756.2"	97	0.00446984009953458	2.34970801269175
"756.21"	56	0.00258052624303028	2.5882917199518
"756.22"	9	0.00041472743191558	3.38223723751867
"756.3"	35	0.00161282890189392	2.79241170260772
"756.5"	24	0.00110593981844155	2.95626850524639
"757"	30	0.00138242477305193	2.85935849223833
"758"	82	0.00377862771300862	2.42266589457428
"758.1"	57	0.00262660706879867	2.5806048912855
"759"	196	0.00903184185060596	2.04422367560152
"759.1"	21	0.000967697341136353	3.01426045222408
"760"	7050	0.324869821667204	0.488290629966597
"761"	3391	0.156260080180637	0.80615195717991
"763"	1052	0.0484770287083545	1.31446400714028
"764"	801	0.0369107414404866	1.43284723087376
"765"	558	0.025713100778766	1.58984554802042
"766"	1282	0.0590756186350859	1.2285917217752
"767"	50	0.00230404128841989	2.63750974262198
"769"	124	0.00571402239528132	2.24305806179576
"770"	2475	0.114050043776784	0.942904543688409
"771"	703	0.0323948205151836	1.48952442193817
"771.1"	2611	0.120317036081287	0.919672875135052
"771.2"	421	0.0194000276484955	1.71219765112233
"772"	379	0.0174646329662228	1.75784053698992
"772.1"	135	0.0062209114787337	2.20614597846299
"772.2"	857	0.0394912676835169	1.4034989250348
"772.3"	1450	0.0668171973641768	1.17511174472302
"772.4"	111	0.00511497166029215	2.29115676817134
"772.6"	208	0.00958481175982674	2.01841641199523
"780"	156	0.00718860881987005	2.14335514860353
"781"	238	0.0109672365328787	1.95990278990148
"781.1"	59	0.00271876872033547	2.56562773531585
"781.2"	143	0.00658955808488088	2.18114370949293
"782"	72	0.00331781945532464	2.47914725052673
"782.3"	4460	0.205520482927054	0.687144888245854
"782.6"	159	0.00732685129717525	2.13508262263754
"783"	5248	0.241832173632551	0.616485920590392
"783.1"	102	0.00470024422837657	2.32787957519608
"785"	8256	0.380443297543892	0.41971006267486
"788"	2981	0.137366941615594	0.862117770925365
"789"	5755	0.265195152297129	0.576434418992186
"789.1"	162	0.00746509377448044	2.12696473241537
"790"	406	0.0187088152619695	1.7279537133808
"790.1"	283	0.0130408736924566	1.88469331143371
"790.6"	2633	0.121330814248191	0.916028887851928
"790.8"	203	0.00935440763098475	2.02898370904478
"790.9"	13	0.000599050734989171	3.22253639465116
"791"	145	0.00668171973641768	2.17511174472302
"792"	1042	0.0480162204506705	1.31861202799449
"792.1"	637	0.0293534860144694	1.53234031462265
"794"	119	0.00548361826643934	2.26093278556547
"795"	75	0.00345606193262983	2.4614184835663
"795.8"	311	0.0143311368139717	1.84371935793116
"795.81"	143	0.00658955808488088	2.18114370949293
"795.82"	96	0.00442375927376619	2.35420851391843
"796"	967	0.0445601585180406	1.35105327287499
"797"	988	0.045527855859177	1.34172280237037
"797.1"	282	0.0129947928666882	1.88623063863863
"798"	10277	0.473572646421824	0.324613390430272
"798.1"	318	0.0146537025943505	1.83405262697356
"800"	1220	0.0562186074374453	1.25011991628325
"800.1"	576	0.0265425556425971	1.57605726353478
"800.2"	287	0.0132251969955302	1.878597850224
"800.3"	422	0.0194461084742639	1.71116729599632
"800.4"	196	0.00903184185060596	2.04422367560152
"801"	976	0.0449748859499562	1.3470299292913
"801.1"	482	0.0222109580203677	1.65343270871915
"802"	316	0.0145615409428137	1.83679266433959
"803"	1006	0.0463573107230082	1.33388176623809
"803.1"	379	0.0174646329662228	1.75784053698992
"803.2"	527	0.0242845951799456	1.61466913174545
"803.21"	161	0.00741901294871204	2.12965387092615
"803.3"	210	0.00967697341136353	2.01426045222408
"804"	573	0.0264043131652919	1.57832512499061
"805"	882	0.0406432883277268	1.39101116182618
"807"	500	0.0230404128841989	1.63750974262198
"809"	1012	0.0466337956776185	1.33129923445422
"816"	68	0.00313349615225105	2.50397083425176
"817"	250	0.0115202064420994	1.93853973828596
"818"	258	0.0118888530482466	1.92486004099477
"818.1"	159	0.00732685129717525	2.13508262263754
"818.2"	108	0.00497672918298696	2.30305599147105
"819"	460	0.021197179853463	1.67372191527642
"830"	1095	0.0504585042163956	1.29706562778186
"835"	922	0.0424865213584627	1.37174882590437
"836"	175	0.00806414450946961	2.0934416982717
"840"	2156	0.0993502603566656	1.0028309904433
"840.1"	107	0.00493064835721856	2.30709596927279
"840.2"	464	0.0213815031565366	1.66996176640312
"840.3"	489	0.0225335238007465	1.64717088783438
"841"	1164	0.053638081194415	1.27052676664413
"842"	162	0.00746509377448044	2.12696473241537
"850"	1199	0.0552509100963089	1.25766056385915
"851"	632	0.0291230818856274	1.53576266867561
"853"	213	0.00981521588866873	2.00810014351926
"854"	1123	0.0517487673379107	1.28609999069654
"855"	259	0.011934933874015	1.92317998287674
"856"	217	0.00999953919174232	2.00002001310947
"857"	124	0.00571402239528132	2.24305806179576
"858"	671	0.0309202340905949	1.509757226789
"859"	887	0.0408736924565688	1.38855612712627
"860"	87	0.00400903184185061	2.39696049433938
"870"	1659	0.0764480899497719	1.11663336093364
"870.1"	83	0.00382470853877701	2.41740165458192
"870.2"	47	0.00216579881111469	2.66438188902228
"870.3"	582	0.0268190405972075	1.57155676230811
"870.4"	72	0.00331781945532464	2.47914725052673
"870.5"	169	0.00778765955485922	2.10859304234432
"870.6"	77	0.00354822358416663	2.44998902178551
"870.8"	31	0.00142850559882033	2.84511805312372
"871"	1610	0.0741901294871204	1.12965387092615
"871.1"	319	0.0146997834201189	1.83268906390081
"871.2"	413	0.0190313810423483	1.7205296953016
"871.3"	167	0.00769549790332243	2.11376327581041
"871.4"	61	0.00281093037187226	2.55114991194723
"872"	116	0.00534537578913414	2.27202175773108
"874"	78	0.00359430440993503	2.44438514426752
"875"	336	0.0154831574581817	1.81014046956815
"876"	158	0.00728077047140685	2.13782266000357
"907"	373	0.0171881480116124	1.76477091514931
"910"	74	0.00340998110686143	2.46724802722702
"911"	73	0.00336390028109304	2.47315688683754
"912"	652	0.0300446984009953	1.52223215122608
"913"	170	0.00783374038062762	2.10603082557972
"916"	2031	0.0935901571356159	1.02876982355319
"930"	162	0.00746509377448044	2.12696473241537
"931"	114	0.00525321413759735	2.27957489562152
"938"	1221	0.0562646882632137	1.24976408301311
"938.1"	51	0.00235012211418829	2.62890957086006
"938.2"	1129	0.0520252522925211	1.28378580503303
"939"	2833	0.130546979401871	0.884233172437559
"939.1"	23	0.00105985899267315	2.9747519109404
"941"	39	0.00179715220496751	2.7454151399315
"942"	226	0.0104142666236579	1.9823713078106
"946"	229	0.0105525091009631	1.97664426461811
"947"	501	0.0230864937099673	1.63664202109075
"949"	423	0.0194921893000323	1.71013937958295
"949.1"	15	0.000691212386525967	3.16038848790231
"952"	64	0.00294917284917746	2.53029977297411
"957"	5	0.000230404128841989	3.63750974262198
"958"	682	0.0314271231740473	1.50269537230152
"958.1"	143	0.00658955808488088	2.18114370949293
"958.2"	306	0.0141007326851297	1.85075832047642
"960"	672	0.0309663149163633	1.50911047390417
"960.1"	40	0.00184323303073591	2.73441975563003
"960.2"	377	0.017372471314686	1.7601383967522
"960.3"	3	0.000138242477305193	3.85935849223833
"961"	104	0.00479240587991337	2.31944640765922
"961.1"	234	0.0107829132298051	1.96726388954785
"962"	396	0.0182480070042855	1.73878456103248
"962.1"	316	0.0145615409428137	1.83679266433959
"962.2"	64	0.00294917284917746	2.53029977297411
"962.3"	33	0.00152066725035713	2.81796580708011
"963"	855	0.0393991060319801	1.40451363222982
"963.1"	821	0.0378323579558546	1.42213658983856
"964"	279	0.012856550389383	1.8908755436844
"964.1"	257	0.0118427722224782	1.9265466236267
"965"	217	0.00999953919174232	2.00002001310947
"965.1"	409	0.0188470577392747	1.72475643895065
"965.2"	10	0.000460808257683978	3.336479746958
"965.3"	11	0.000506889083452375	3.29508706179977
"966"	76	0.00350214275839823	2.4556661546772
"967"	207	0.00953873093405834	2.02050940150108
"969"	163	0.00751117460024884	2.12429214255404
"971"	56	0.00258052624303028	2.5882917199518
"972"	276	0.0127183079120778	1.89557066489278
"972.1"	102	0.00470024422837657	2.32787957519608
"972.2"	12	0.000552969909220773	3.25729850091037
"972.6"	58	0.00267268789456707	2.57305175339506
"973"	14	0.000645131560757569	3.19035171127976
"974"	178	0.0082023869867748	2.0860597446491
"975"	20	0.000921616515367955	3.03544975129401
"976"	14	0.000645131560757569	3.19035171127976
"977"	359	0.0165430164508548	1.78138529837968
"979"	1661	0.0765402516013087	1.1161101145066
"980"	1371	0.0631768121284733	1.19944229216848
"981"	15	0.000691212386525967	3.16038848790231
"983"	11	0.000506889083452375	3.29508706179977
"984"	5	0.000230404128841989	3.63750974262198
"985"	32	0.00147458642458873	2.83132976863809
"986"	6	0.000276484954610387	3.55832849657435
"987"	21	0.000967697341136353	3.01426045222408
"988"	4	0.000184323303073591	3.73441975563003
"989"	95	0.00437767844799779	2.35875614166915
"990"	748	0.0344684576747615	1.46257814909353
"994"	1709	0.0787521312381918	1.10373768423726
"994.1"	622	0.0286622736279434	1.54268936226718
"994.2"	1488	0.0685682687433759	1.16387681574814
"994.21"	641	0.029537809317543	1.52962171743918
